            DCN  01  0028.5N 121.9E  9999.9   12.1     53    4.1 1009.39999.9  11.9   2.1  10.5 999.9 999.9
            DCN  01  0128.5N 121.9E  9999.9   12.7     55    3.1 1009.89999.9  11.9   2.8  11.2 999.9 999.9
            DCN  01  0228.5N 121.9E  9999.9   12.9     44    1.7 1009.99999.9  11.9   2.4  11.2 999.9 999.9
            DCN  01  0328.5N 121.9E  9999.9   12.8    325    1.6 1009.79999.9  11.9   2.0  10.7 999.9 999.9
            DCN  01  0428.5N 121.9E  9999.9   12.2    271    3.8 1010.09999.9  11.9   2.1  10.4 999.9 999.9
            DCN  01  0528.5N 121.9E  9999.9   12.6    246    0.3 1008.99999.9  11.9   2.0   9.7 999.9 999.9
            DCN  01  0628.5N 121.9E  9999.9   12.7    285    2.0 1008.69999.9  11.9   2.2  10.7 999.9 999.9
            DCN  01  0728.5N 121.9E  9999.9   12.7    181    2.1 1007.99999.9  11.9   2.3  10.3 999.9 999.9
            DCN  01  0828.5N 121.9E  9999.9   12.8    205    2.8 1007.99999.9  11.9   2.5  10.7 999.9 999.9
            DCN  01  0928.5N 121.9E  9999.9   12.6    278    0.8 1008.99999.9  11.9   2.1  10.5 999.9 999.9
            DCN  01  1028.5N 121.9E  9999.9   13.4    251    2.8 1009.09999.9  11.9   2.2  11.5 999.9 999.9
            DCN  01  1128.5N 121.9E  9999.9   13.0    204    4.0 1009.29999.9  11.9   1.9  10.3 999.9 999.9
            DCN  01  1228.5N 121.9E  9999.9   13.8    201    5.9 1009.29999.9  12.0   1.9  10.8 999.9 999.9
            DCN  01  1328.5N 121.9E  9999.9   16.3    221    5.9 1009.19999.9  12.1   2.2  11.0 999.9 999.9
            DCN  01  1428.5N 121.9E  9999.9   17.0    217    5.4 1008.59999.9  12.1   2.2  11.5 999.9 999.9
            DCN  01  1528.5N 121.9E  9999.9   16.9    208    6.2 1007.59999.9  12.1   1.6   9.7 999.9 999.9
            DCN  01  1628.5N 121.9E  9999.9   16.7    222    8.1 1006.99999.9  12.2   1.7  10.6 999.9 999.9
            DCN  01  1728.5N 121.9E  9999.9   16.9    218    8.8 1005.39999.9  12.3   1.7  10.0 999.9 999.9
            DCN  01  1828.5N 121.9E  9999.9   17.0    225    7.5 1005.49999.9  12.2   1.5   9.8 999.9 999.9
            DCN  01  1928.5N 121.9E  9999.9   17.1    329    1.6 1005.79999.9  12.2   1.6  10.6 999.9 999.9
            DCN  01  2028.5N 121.9E  9999.9   13.7     39    8.8 1006.69999.9  12.2   1.6   9.9 999.9 999.9
            DCN  01  2128.5N 121.9E  9999.9   13.3     51   12.8 1007.69999.9  12.2   2.0   8.6 999.9 999.9
            DCN  01  2228.5N 121.9E  9999.9   12.7     36   12.2 1008.59999.9  12.1   2.0   8.7 999.9 999.9
            DCN  01  2328.5N 121.9E  9999.9   12.6     24   10.3 1010.29999.9  12.1   1.9   6.7 999.9 999.9
            DCN  02  0028.5N 121.9E  9999.9   12.3     21    9.7 1011.19999.9  12.0   2.0   7.7 999.9 999.9
            DCN  02  0128.5N 121.9E  9999.9   10.7     27   16.0 1011.89999.9  12.0   1.9   7.0 999.9 999.9
            DCN  02  0228.5N 121.9E  9999.9   10.1     23   16.0 1012.39999.9  11.9   2.0   7.1 999.9 999.9
            DCN  02  0328.5N 121.9E  9999.9    9.9     23   16.6 1013.19999.9  11.9   1.8   7.1 999.9 999.9
            DCN  02  0428.5N 121.9E  9999.9    9.2     13   15.1 1014.19999.9  11.8   2.1   8.4 999.9 999.9
            DCN  02  0528.5N 121.9E  9999.9    8.6     15   14.9 1014.29999.9  11.8   2.4   7.8 999.9 999.9
            DCN  02  0628.5N 121.9E  9999.9    8.1     11   12.9 1014.59999.9  11.7   2.3   7.0 999.9 999.9
            DCN  02  0728.5N 121.9E  9999.9    7.9     15   11.7 1014.79999.9  11.7   2.4   6.8 999.9 999.9
            DCN  02  0828.5N 121.9E  9999.9    7.9     16   14.5 1015.49999.9  11.6   2.7   8.5 999.9 999.9
            DCN  02  0928.5N 121.9E  9999.9    7.5     13   13.5 1016.39999.9  11.6   2.6   7.7 999.9 999.9
            DCN  02  1028.5N 121.9E  9999.9    7.6     14   14.2 1017.29999.9  11.6   2.1   7.7 999.9 999.9
            DCN  02  1128.5N 121.9E  9999.9    7.6      9   11.4 1018.49999.9  11.7   1.7   8.0 999.9 999.9
            DCN  02  1228.5N 121.9E  9999.9    7.8     14   12.3 1019.39999.9  11.7   1.4   7.5 999.9 999.9
            DCN  02  1328.5N 121.9E  9999.9    7.7      9   11.0 1019.89999.9  11.8   1.3   6.6 999.9 999.9
            DCN  02  1428.5N 121.9E  9999.9    7.9     12   10.8 1019.79999.9  11.8   1.5   6.5 999.9 999.9
            DCN  02  1528.5N 121.9E  9999.9    8.0     13   10.9 1019.49999.9  11.8   1.7   7.1 999.9 999.9
            DCN  02  1628.5N 121.9E  9999.9    8.4     13   10.3 1018.99999.9  11.8   1.7   6.9 999.9 999.9
            DCN  02  1728.5N 121.9E  9999.9    8.7     16   11.0 1018.59999.9  11.7   1.8   7.4 999.9 999.9
            DCN  02  1828.5N 121.9E  9999.9    8.3     24   11.3 1018.69999.9  11.6   2.0   7.3 999.9 999.9
            DCN  02  1928.5N 121.9E  9999.9    8.1     28   13.3 1018.99999.9  11.6   2.6   7.3 999.9 999.9
            DCN  02  2028.5N 121.9E  9999.9    7.9     33   13.0 1019.39999.9  11.6   2.8   7.2 999.9 999.9
            DCN  02  2128.5N 121.9E  9999.9    7.6     31   14.8 1019.79999.9  11.6   2.3   6.8 999.9 999.9
            DCN  02  2228.5N 121.9E  9999.9    7.7     16   14.7 1019.99999.9  11.6   1.7   6.6 999.9 999.9
            DCN  02  2328.5N 121.9E  9999.9    7.9     24   13.9 1020.39999.9  11.6   1.5   6.4 999.9 999.9
            DCN  03  0028.5N 121.9E  9999.9    8.0     25   13.0 1020.99999.9  11.6   1.4   6.9 999.9 999.9
            DCN  03  0128.5N 121.9E  9999.9    7.8     30   12.2 1020.89999.9  11.6   1.3   6.7 999.9 999.9
            DCN  03  0228.5N 121.9E  9999.9    7.9     17   11.8 1020.79999.9  11.6   1.3   6.8 999.9 999.9
            DCN  03  0328.5N 121.9E  9999.9    8.0     16   10.7 1020.79999.9  11.5   1.3   6.4 999.9 999.9
            DCN  03  0428.5N 121.9E  9999.9    8.1     13   10.0 1020.39999.9  11.5   1.3   6.0 999.9 999.9
            DCN  03  0528.5N 121.9E  9999.9    7.8     12   10.2 1019.59999.9  11.4   1.3   6.3 999.9 999.9
            DCN  03  0628.5N 121.9E  9999.9    7.2      1    6.4 1019.49999.9  11.4   1.3   6.6 999.9 999.9
            DCN  03  0728.5N 121.9E  9999.9    7.0      5    7.3 1019.09999.9  11.4   1.3   6.2 999.9 999.9
            DCN  03  0828.5N 121.9E  9999.9    7.3      7    7.1 1019.49999.9  11.3   1.3   6.8 999.9 999.9
            DCN  03  0928.5N 121.9E  9999.9    7.5     19   10.3 1019.19999.9  11.3   1.2   7.7 999.9 999.9
            DCN  03  1028.5N 121.9E  9999.9    7.7      6    7.1 1020.49999.9  11.4   1.2   7.0 999.9 999.9
            DCN  03  1128.5N 121.9E  9999.9    8.4      8    5.9 1020.49999.9  11.6   1.1   7.0 999.9 999.9
            DCN  03  1228.5N 121.9E  9999.9   10.6     20    7.3 1019.99999.9  11.7   1.2   8.0 999.9 999.9
            DCN  03  1328.5N 121.9E  9999.9   12.3      2    5.4 1019.89999.9  11.8   1.1   7.9 999.9 999.9
            DCN  03  1428.5N 121.9E  9999.9   13.5      5    5.0 1018.69999.9  11.9   1.0   7.9 999.9 999.9
            DCN  03  1528.5N 121.9E  9999.9   14.7    358    4.9 1018.39999.9  12.3   1.0   7.6 999.9 999.9
            DCN  03  1628.5N 121.9E  9999.9   14.4      6    4.2 1017.29999.9  12.3   1.0   7.6 999.9 999.9
            DCN  03  1728.5N 121.9E  9999.9   12.7     21    6.3 1016.19999.9  12.1   0.9   7.3 999.9 999.9
            DCN  03  1828.5N 121.9E  9999.9   11.4     14    5.8 1015.69999.9  12.0   1.0   7.0 999.9 999.9
            DCN  03  1928.5N 121.9E  9999.9   10.1     17    5.7 1015.29999.9  11.9   1.0   7.1 999.9 999.9
            DCN  03  2028.5N 121.9E  9999.9    9.9     17    7.2 1015.39999.9  11.8   1.1   7.7 999.9 999.9
            DCN  03  2128.5N 121.9E  9999.9    9.9     17    6.6 1015.39999.9  11.8   1.1   7.3 999.9 999.9
            DCN  03  2228.5N 121.9E  9999.9    9.6     11    5.7 1015.59999.9  11.7   1.1   8.1 999.9 999.9
            DCN  03  2328.5N 121.9E  9999.9    9.7      6    4.2 1015.99999.9  11.7   1.1   7.7 999.9 999.9
            DCN  04  0028.5N 121.9E  9999.9    9.8     22    6.3 1015.49999.9  11.7   1.0   7.2 999.9 999.9
            DCN  04  0128.5N 121.9E  9999.9   10.0     25    6.9 1014.89999.9  11.7   1.0   7.9 999.9 999.9
            DCN  04  0228.5N 121.9E  9999.9   10.4     17    4.4 1014.69999.9  11.7   1.0   7.8 999.9 999.9
            DCN  04  0328.5N 121.9E  9999.9   10.6     29    4.7 1013.89999.9  11.7   1.0   7.9 999.9 999.9
            DCN  04  0428.5N 121.9E  9999.9   10.5    322    2.0 1013.29999.9  11.7   0.9   8.0 999.9 999.9
            DCN  04  0528.5N 121.9E  9999.9   10.4    310    2.6 1012.09999.9  11.7   1.0   7.6 999.9 999.9
            DCN  04  0628.5N 121.9E  9999.9   10.2    303    5.6 1011.79999.9  11.7   1.0   8.3 999.9 999.9
            DCN  04  0728.5N 121.9E  9999.9   10.3    303    4.7 1010.59999.9  11.7   1.1   7.8 999.9 999.9
            DCN  04  0828.5N 121.9E  9999.9   10.4    300    4.3 1010.29999.9  11.7   1.2   7.8 999.9 999.9
            DCN  04  0928.5N 121.9E  9999.9   10.4    302    5.4 1010.89999.9  11.7   1.1   7.6 999.9 999.9
            DCN  04  1028.5N 121.9E  9999.9   10.5    307    6.9 1011.39999.9  11.7   1.1   7.7 999.9 999.9
            DCN  04  1128.5N 121.9E  9999.9   10.9    310    4.4 1011.99999.9  11.7   1.1   7.6 999.9 999.9
            DCN  04  1228.5N 121.9E  9999.9   11.8    312    3.4 1011.99999.9  11.9   1.1   7.3 999.9 999.9
            DCN  04  1328.5N 121.9E  9999.9   13.8    339    4.3 1011.89999.9  11.9   1.0   7.3 999.9 999.9
            DCN  04  1428.5N 121.9E  9999.9   14.7    326    3.6 1011.79999.9  12.0   1.1   7.6 999.9 999.9
            DCN  04  1528.5N 121.9E  9999.9   15.2    301    2.3 1011.09999.9  12.6   1.1   7.5 999.9 999.9
            DCN  04  1628.5N 121.9E  9999.9   17.4    312    1.6 1010.69999.9  12.6   0.9   7.6 999.9 999.9
            DCN  04  1728.5N 121.9E  9999.9   16.1     74    1.0 1010.09999.9  12.4   0.9   7.6 999.9 999.9
            DCN  04  1828.5N 121.9E  9999.9   14.1     62    3.1 1010.39999.9  12.2   1.1   7.5 999.9 999.9
            DCN  04  1928.5N 121.9E  9999.9   13.2     57    3.2 1010.89999.9  12.2   1.0   6.7 999.9 999.9
            DCN  04  2028.5N 121.9E  9999.9   12.7     65    3.5 1011.39999.9  12.1   1.0   6.5 999.9 999.9
            DCN  04  2128.5N 121.9E  9999.9   12.0    126    1.9 1011.99999.9  12.1   1.0   6.9 999.9 999.9
            DCN  04  2228.5N 121.9E  9999.9   11.7    103    1.8 1012.69999.9  12.0   1.1   6.8 999.9 999.9
            DCN  04  2328.5N 121.9E  9999.9   11.2     65    2.6 1012.89999.9  12.0   1.2   7.5 999.9 999.9
            DCN  05  0028.5N 121.9E  9999.9   11.1    194    0.9 1013.49999.9  11.9   1.0   6.6 999.9 999.9
            DCN  05  0128.5N 121.9E  9999.9   10.7     47    1.6 1013.69999.9  11.9   0.9   7.2 999.9 999.9
            DCN  05  0228.5N 121.9E  9999.9   10.4     24    2.0 1013.79999.9  11.9   0.8   6.7 999.9 999.9
            DCN  05  0328.5N 121.9E  9999.9    9.8      6    2.0 1013.89999.9  11.9   0.8   7.0 999.9 999.9
            DCN  05  0428.5N 121.9E  9999.9    9.8     34    1.7 1013.79999.9  11.9   0.8   7.9 999.9 999.9
            DCN  05  0528.5N 121.9E  9999.9   10.1     34    2.9 1013.29999.9  11.8   0.7   7.3 999.9 999.9
            DCN  05  0628.5N 121.9E  9999.9   10.3     53    2.2 1013.09999.9  11.8   0.7   6.7 999.9 999.9
            DCN  05  0728.5N 121.9E  9999.9   10.6     46    5.7 1012.49999.9  11.8   0.7   7.1 999.9 999.9
            DCN  05  0828.5N 121.9E  9999.9   10.4     43    4.8 1012.99999.9  11.8   0.8   7.3 999.9 999.9
            DCN  05  0928.5N 121.9E  9999.9   10.5     47    6.5 1013.29999.9  11.8   0.8   7.4 999.9 999.9
            DCN  05  1028.5N 121.9E  9999.9   11.1     58    4.5 1013.69999.9  11.9   0.9   7.8 999.9 999.9
            DCN  05  1128.5N 121.9E  9999.9   12.2     43    3.8 1014.79999.9  11.9   0.9   7.8 999.9 999.9
            DCN  05  1228.5N 121.9E  9999.9   11.9     39    5.8 1014.49999.9  11.9   0.7   7.2 999.9 999.9
            DCN  05  1328.5N 121.9E  9999.9   12.0     30    5.5 1014.29999.9  11.9   0.9   7.7 999.9 999.9
            DCN  05  1428.5N 121.9E  9999.9   12.5     15    4.3 1014.79999.9  12.0   0.8   7.8 999.9 999.9
            DCN  05  1528.5N 121.9E  9999.9   12.3     30    1.5 1013.99999.9  12.0   0.7   7.4 999.9 999.9
            DCN  05  1628.5N 121.9E  9999.9   12.0     46    2.4 1012.09999.9  12.0   0.7   7.3 999.9 999.9
            DCN  05  1728.5N 121.9E  9999.9   13.1    321    2.0 1012.09999.9  12.0   0.7   7.2 999.9 999.9
            DCN  05  1828.5N 121.9E  9999.9   12.1    320    1.8 1011.59999.9  12.0   0.7   7.4 999.9 999.9
            DCN  05  1928.5N 121.9E  9999.9   11.6    330    1.4 1011.29999.9  12.0   0.7   6.8 999.9 999.9
            DCN  05  2028.5N 121.9E  9999.9   11.0     31    3.7 1011.69999.9  12.0   0.8   7.4 999.9 999.9
            DCN  05  2128.5N 121.9E  9999.9   10.6     27    3.6 1012.19999.9  12.0   0.8   7.7 999.9 999.9
            DCN  05  2228.5N 121.9E  9999.9   10.5     20    7.1 1012.59999.9  11.9   0.8   7.8 999.9 999.9
            DCN  05  2328.5N 121.9E  9999.9   10.5     25    5.6 1012.69999.9  11.9   0.9   8.9 999.9 999.9
            DCN  06  0028.5N 121.9E  9999.9   10.7     46    5.4 1012.69999.9  11.9   1.0   9.1 999.9 999.9
            DCN  06  0128.5N 121.9E  9999.9   10.6     41    4.0 1013.29999.9  11.8   0.8   8.2 999.9 999.9
            DCN  06  0228.5N 121.9E  9999.9   10.5     52    4.4 1013.09999.9  11.8   0.9   8.8 999.9 999.9
            DCN  06  0328.5N 121.9E  9999.9   10.4     36    4.1 1012.99999.9  11.8   0.8   8.6 999.9 999.9
            DCN  06  0428.5N 121.9E  9999.9   10.1     40    4.3 1012.49999.9  11.8   0.9   7.9 999.9 999.9
            DCN  06  0528.5N 121.9E  9999.9   10.5     49    4.3 1011.89999.9  11.8   0.9   8.3 999.9 999.9
            DCN  06  0628.5N 121.9E  9999.9   10.5     48    5.9 1011.79999.9  11.8   0.9   8.4 999.9 999.9
            DCN  06  0728.5N 121.9E  9999.9   10.5     48    4.5 1011.19999.9  11.8   0.9   8.4 999.9 999.9
            DCN  06  0828.5N 121.9E  9999.9   10.6     47    6.0 1011.59999.9  11.8   0.9   8.2 999.9 999.9
            DCN  06  0928.5N 121.9E  9999.9   10.8     26    4.0 1012.59999.9  11.8   1.2   8.4 999.9 999.9
            DCN  06  1028.5N 121.9E  9999.9   10.8     11    5.3 1013.99999.9  11.9   1.2   7.6 999.9 999.9
            DCN  06  1128.5N 121.9E  9999.9   10.7     24    7.2 1014.39999.9  11.9   1.5   8.4 999.9 999.9
            DCN  06  1228.5N 121.9E  9999.9   11.1     57    7.2 1012.69999.9  11.9   1.5   7.4 999.9 999.9
            DCN  06  1328.5N 121.9E  9999.9   11.9    357    6.1 1014.59999.9  11.9   1.4   6.8 999.9 999.9
            DCN  06  1428.5N 121.9E  9999.9   11.3     24   11.8 1013.89999.9  11.9   1.3   6.5 999.9 999.9
            DCN  06  1528.5N 121.9E  9999.9   11.1     29   12.8 1013.09999.9  11.9   1.2   6.0 999.9 999.9
            DCN  06  1628.5N 121.9E  9999.9   11.1     24   13.0 1013.09999.9  11.9   1.3   6.0 999.9 999.9
            DCN  06  1728.5N 121.9E  9999.9   11.3     21   13.7 1013.49999.9  11.9   1.3   5.9 999.9 999.9
            DCN  06  1828.5N 121.9E  9999.9   11.1     22   11.5 1014.39999.9  11.9   1.4   5.7 999.9 999.9
            DCN  06  1928.5N 121.9E  9999.9   11.0     22   12.4 1013.59999.9  11.9   1.5   5.4 999.9 999.9
            DCN  06  2028.5N 121.9E  9999.9   10.8     20   15.8 1013.49999.9  11.9   1.4   5.5 999.9 999.9
            DCN  06  2128.5N 121.9E  9999.9   10.6     19   15.8 1013.89999.9  11.8   1.4   5.3 999.9 999.9
            DCN  06  2228.5N 121.9E  9999.9   10.6     17   14.2 1015.09999.9  11.8   1.6   6.4 999.9 999.9
            DCN  06  2328.5N 121.9E  9999.9   10.6     16   14.0 1015.69999.9  11.8   1.7   5.5 999.9 999.9
            DCN  07  0028.5N 121.9E  9999.9   10.4     14   14.0 1016.39999.9  11.8   2.0   7.5 999.9 999.9
            DCN  07  0128.5N 121.9E  9999.9   10.4     14   12.4 1016.69999.9  11.7   1.8   7.6 999.9 999.9
            DCN  07  0228.5N 121.9E  9999.9   10.3     11    9.7 1016.79999.9  11.7   1.3   7.2 999.9 999.9
            DCN  07  0328.5N 121.9E  9999.9   10.0      1    8.4 1016.79999.9  11.7   1.0   6.5 999.9 999.9
            DCN  07  0428.5N 121.9E  9999.9    9.9      1    8.8 1016.69999.9  11.7   1.1   5.3 999.9 999.9
            DCN  07  0528.5N 121.9E  9999.9    9.4      0    8.7 1015.69999.9  11.7   1.2   5.8 999.9 999.9
            DCN  07  0628.5N 121.9E  9999.9    9.6      3    7.9 1015.39999.9  11.7   1.1   5.9 999.9 999.9
            DCN  07  0728.5N 121.9E  9999.9    9.5      1    9.7 1015.19999.9  11.7   1.1   5.9 999.9 999.9
            DCN  07  0828.5N 121.9E  9999.9    9.6      3    8.6 1015.19999.9  11.7   1.2   6.2 999.9 999.9
            DCN  07  0928.5N 121.9E  9999.9    9.6    357    9.0 1015.99999.9  11.7   1.1   6.3 999.9 999.9
            DCN  07  1028.5N 121.9E  9999.9    9.6    356    9.2 1016.59999.9  11.7   1.1   6.0 999.9 999.9
            DCN  07  1128.5N 121.9E  9999.9    9.8    356    7.7 1017.09999.9  11.7   1.1   7.0 999.9 999.9
            DCN  07  1228.5N 121.9E  9999.9   10.1      5    8.5 1017.29999.9  11.7   1.2   6.9 999.9 999.9
            DCN  07  1328.5N 121.9E  9999.9   10.2    358    9.6 1017.39999.9  11.7   1.4   8.5 999.9 999.9
            DCN  07  1428.5N 121.9E  9999.9   10.8      3    9.4 1016.89999.9  11.7   1.3   8.2 999.9 999.9
            DCN  07  1528.5N 121.9E  9999.9   10.8      2    8.0 1016.89999.9  11.7   1.0   6.9 999.9 999.9
            DCN  07  1628.5N 121.9E  9999.9   11.2     10   10.3 1015.89999.9  11.8   1.4   8.1 999.9 999.9
            DCN  07  1728.5N 121.9E  9999.9   12.2     12   10.5 1015.09999.9  11.8   1.7   7.5 999.9 999.9
            DCN  07  1828.5N 121.9E  9999.9   11.6     13   10.2 1015.19999.9  11.8   1.6   8.0 999.9 999.9
            DCN  07  1928.5N 121.9E  9999.9   11.5      9    9.4 1015.69999.9  11.8   1.6   7.4 999.9 999.9
            DCN  07  2028.5N 121.9E  9999.9   11.5     17   12.3 1015.69999.9  11.7   1.4   6.8 999.9 999.9
            DCN  07  2128.5N 121.9E  9999.9   11.3     15   13.2 1016.29999.9  11.7   1.5   6.8 999.9 999.9
            DCN  07  2228.5N 121.9E  9999.9   11.3     15   11.6 1017.09999.9  11.7   1.6   7.3 999.9 999.9
            DCN  07  2328.5N 121.9E  9999.9   11.1     14   10.9 1017.49999.9  11.7   1.5   7.0 999.9 999.9
            DCN  08  0028.5N 121.9E  9999.9   10.8     14   10.4 1017.89999.9  11.7   1.5   7.3 999.9 999.9
            DCN  08  0128.5N 121.9E  9999.9   10.8     10    9.2 1018.19999.9  11.7   2.1   7.8 999.9 999.9
            DCN  08  0228.5N 121.9E  9999.9   10.6      1    7.8 1018.59999.9  11.7   2.6   8.5 999.9 999.9
            DCN  08  0328.5N 121.9E  9999.9   10.5      7    8.3 1017.99999.9  11.7   2.3   8.6 999.9 999.9
            DCN  08  0428.5N 121.9E  9999.9   10.5      7    8.8 1017.49999.9  11.7   2.1   8.5 999.9 999.9
            DCN  08  0528.5N 121.9E  9999.9   10.5      7    7.9 1017.59999.9  11.7   1.8   8.6 999.9 999.9
            DCN  08  0628.5N 121.9E  9999.9   10.5      9    9.0 1017.09999.9  11.7   1.4   7.9 999.9 999.9
            DCN  08  0728.5N 121.9E  9999.9   10.5     15    9.8 1016.49999.9  11.7   1.4   6.9 999.9 999.9
            DCN  08  0828.5N 121.9E  9999.9   10.5     19   10.3 1016.89999.9  11.7   1.4   6.7 999.9 999.9
            DCN  08  0928.5N 121.9E  9999.9   10.4     15   10.1 1017.69999.9  11.7   1.5   6.9 999.9 999.9
            DCN  08  1028.5N 121.9E  9999.9   10.5     17   11.3 1018.19999.9  11.8   1.3   6.7 999.9 999.9
            DCN  08  1128.5N 121.9E  9999.9   11.1     11   10.2 1019.19999.9  12.0   1.4   7.2 999.9 999.9
            DCN  08  1228.5N 121.9E  9999.9   12.0     17   10.3 1018.99999.9  12.1   2.0   7.9 999.9 999.9
            DCN  08  1328.5N 121.9E  9999.9   12.4     17   10.7 1019.29999.9  12.0   2.2   7.7 999.9 999.9
            DCN  08  1428.5N 121.9E  9999.9   13.3     17   11.7 1018.79999.9  12.0   2.1   7.9 999.9 999.9
            DCN  08  1528.5N 121.9E  9999.9   13.1     24    9.5 1018.19999.9  12.1   1.9   7.8 999.9 999.9
            DCN  08  1628.5N 121.9E  9999.9   13.8     18    9.2 1017.29999.9  12.0   1.5   7.8 999.9 999.9
            DCN  08  1728.5N 121.9E  9999.9   13.2     20   10.2 1016.09999.9  12.1   1.1   7.0 999.9 999.9
            DCN  08  1828.5N 121.9E  9999.9   12.4     18    8.1 1016.29999.9  12.1   1.3   6.8 999.9 999.9
            DCN  08  1928.5N 121.9E  9999.9   11.4     24    8.8 1015.69999.9  12.1   1.3   7.2 999.9 999.9
            DCN  08  2028.5N 121.9E  9999.9   10.9     25    8.1 1015.79999.9  12.1   1.3   6.9 999.9 999.9
            DCN  08  2128.5N 121.9E  9999.9   10.7     23    9.7 1016.19999.9  12.0   1.3   7.0 999.9 999.9
            DCN  08  2228.5N 121.9E  9999.9   10.7      7    8.1 1016.99999.9  12.0   1.4   7.1 999.9 999.9
            DCN  08  2328.5N 121.9E  9999.9   10.6     28    9.3 1016.89999.9  11.9   1.4   6.8 999.9 999.9
            DCN  09  0028.5N 121.9E  9999.9   10.1     33    8.7 1016.89999.9  11.9   1.2   6.6 999.9 999.9
            DCN  09  0128.5N 121.9E  9999.9    9.1     22   10.2 1017.09999.9  11.9   1.2   6.8 999.9 999.9
            DCN  09  0228.5N 121.9E  9999.9    9.4     20    7.3 1016.89999.9  11.9   1.2   6.8 999.9 999.9
            DCN  09  0328.5N 121.9E  9999.9    9.8     17    7.9 1016.39999.9  11.8   1.4   7.2 999.9 999.9
            DCN  09  0428.5N 121.9E  9999.9    9.9     24    6.9 1015.59999.9  11.8   1.1   7.4 999.9 999.9
            DCN  09  0528.5N 121.9E  9999.9    9.3     10    4.8 1015.59999.9  11.8   1.2   7.2 999.9 999.9
            DCN  09  0628.5N 121.9E  9999.9    9.6    358    3.5 1015.49999.9  11.8   1.1   7.1 999.9 999.9
            DCN  09  0728.5N 121.9E  9999.9    9.8     18    5.3 1014.99999.9  11.8   1.0   6.9 999.9 999.9
            DCN  09  0828.5N 121.9E  9999.9    9.9     32    3.7 1014.99999.9  11.8   1.0   7.1 999.9 999.9
            DCN  09  0928.5N 121.9E  9999.9    9.7      2    3.1 1015.49999.9  11.8   1.2   8.0 999.9 999.9
            DCN  09  1028.5N 121.9E  9999.9   10.1     18    4.4 1016.09999.9  11.9   1.1   7.6 999.9 999.9
            DCN  09  1128.5N 121.9E  9999.9   10.9     19    5.6 1016.69999.9  12.0   1.0   7.4 999.9 999.9
            DCN  09  1228.5N 121.9E  9999.9   11.9     16    7.2 1017.39999.9  12.2   1.0   6.8 999.9 999.9
            DCN  09  1328.5N 121.9E  9999.9   11.9     15    6.1 1017.49999.9  12.4   1.0   6.7 999.9 999.9
            DCN  09  1428.5N 121.9E  9999.9   13.5     18    7.1 1016.89999.9  12.5   1.1   7.3 999.9 999.9
            DCN  09  1528.5N 121.9E  9999.9   13.1     23    8.5 1016.49999.9  12.5   1.1   6.8 999.9 999.9
            DCN  09  1628.5N 121.9E  9999.9   12.8     31    7.5 1015.89999.9  12.4   1.0   6.4 999.9 999.9
            DCN  09  1728.5N 121.9E  9999.9   13.2     25    7.0 1015.59999.9  12.4   1.1   6.8 999.9 999.9
            DCN  09  1828.5N 121.9E  9999.9   12.9     35    7.6 1015.39999.9  12.4   1.1   6.4 999.9 999.9
            DCN  09  1928.5N 121.9E  9999.9   12.4     35    8.5 1015.59999.9  12.3   1.1   5.7 999.9 999.9
            DCN  09  2028.5N 121.9E  9999.9   11.9     35    9.9 1015.79999.9  12.2   1.1   5.9 999.9 999.9
            DCN  09  2128.5N 121.9E  9999.9   11.4     30   10.9 1016.29999.9  12.1   1.1   6.5 999.9 999.9
            DCN  09  2228.5N 121.9E  9999.9   11.2     29   10.8 1017.29999.9  12.1   1.3   6.9 999.9 999.9
            DCN  09  2328.5N 121.9E  9999.9   11.2     31   11.6 1018.19999.9  12.0   1.2   6.2 999.9 999.9
            DCN  10  0028.5N 121.9E  9999.9   11.2     28   10.1 1018.79999.9  12.1   1.2   6.1 999.9 999.9
            DCN  10  0128.5N 121.9E  9999.9   11.0     22   11.8 1019.09999.9  12.1   1.1   6.2 999.9 999.9
            DCN  10  0228.5N 121.9E  9999.9   11.0     22   10.6 1019.09999.9  12.2   1.2   5.8 999.9 999.9
            DCN  10  0328.5N 121.9E  9999.9   10.9     21    8.9 1018.99999.9  12.1   1.2   6.8 999.9 999.9
            DCN  10  0428.5N 121.9E  9999.9   10.8     16    8.7 1018.99999.9  12.0   1.3   6.4 999.9 999.9
            DCN  10  0528.5N 121.9E  9999.9   10.6     12    7.9 1018.79999.9  12.0   1.2   7.0 999.9 999.9
            DCN  10  0628.5N 121.9E  9999.9   10.5     18    9.2 1018.29999.9  11.9   1.3   7.3 999.9 999.9
            DCN  10  0728.5N 121.9E  9999.9   10.3     18    9.9 1017.99999.9  11.9   1.1   5.8 999.9 999.9
            DCN  10  0828.5N 121.9E  9999.9   10.3     18   10.9 1017.99999.9  11.9   1.2   5.9 999.9 999.9
            DCN  10  0928.5N 121.9E  9999.9   10.4     20   12.7 1018.39999.9  11.9   1.2   6.6 999.9 999.9
            DCN  10  1028.5N 121.9E  9999.9   10.7     22   10.7 1019.49999.9  12.0   1.2   6.6 999.9 999.9
            DCN  10  1128.5N 121.9E  9999.9   11.5     28   10.2 1020.29999.9  12.2   1.1   6.1 999.9 999.9
            DCN  10  1228.5N 121.9E  9999.9   12.1     31    9.0 1020.49999.9  12.4   1.1   6.1 999.9 999.9
            DCN  10  1328.5N 121.9E  9999.9   12.9     25    9.4 1020.49999.9  12.6   1.1   6.0 999.9 999.9
            DCN  10  1428.5N 121.9E  9999.9   12.5     22    8.7 1020.29999.9  12.7   1.1   6.3 999.9 999.9
            DCN  10  1528.5N 121.9E  9999.9   12.7     25    8.4 1019.69999.9  12.8   1.2   6.5 999.9 999.9
            DCN  10  1628.5N 121.9E  9999.9   13.7     23    9.2 1018.99999.9  12.6   1.4   7.0 999.9 999.9
            DCN  10  1728.5N 121.9E  9999.9   13.0     24    8.2 1018.19999.9  12.5   1.4   6.3 999.9 999.9
            DCN  10  1828.5N 121.9E  9999.9   12.9     29    7.1 1017.39999.9  12.5   1.1   6.3 999.9 999.9
            DCN  10  1928.5N 121.9E  9999.9   12.4     30    7.0 1017.39999.9  12.4   1.1   6.2 999.9 999.9
            DCN  10  2028.5N 121.9E  9999.9   11.6     28    7.1 1017.69999.9  12.3   1.1   6.3 999.9 999.9
            DCN  10  2128.5N 121.9E  9999.9   10.9     40    6.7 1017.99999.9  12.2   1.1   6.7 999.9 999.9
            DCN  10  2228.5N 121.9E  9999.9   10.8     40    5.9 1018.19999.9  12.1   1.1   6.7 999.9 999.9
            DCN  10  2328.5N 121.9E  9999.9   10.8     32    5.6 1018.29999.9  12.0   0.9   6.7 999.9 999.9
            DCN  11  0028.5N 121.9E  9999.9   10.8     27    5.0 1018.69999.9  12.0   0.9   6.7 999.9 999.9
            DCN  11  0128.5N 121.9E  9999.9   10.8     25    4.8 1018.39999.9  12.0   1.0   6.7 999.9 999.9
            DCN  11  0228.5N 121.9E  9999.9   10.8     31    3.7 1018.09999.9  12.1   1.0   6.5 999.9 999.9
            DCN  11  0328.5N 121.9E  9999.9   10.8    304    2.0 1017.79999.9  12.0   0.9   6.3 999.9 999.9
            DCN  11  0428.5N 121.9E  9999.9   10.7    343    1.9 1017.69999.9  12.1   0.9   6.8 999.9 999.9
            DCN  11  0528.5N 121.9E  9999.9   10.4    338    1.2 1016.89999.9  12.1   1.0   6.7 999.9 999.9
            DCN  11  0628.5N 121.9E  9999.9   10.8    312    2.7 1016.59999.9  12.1   0.9   6.7 999.9 999.9
            DCN  11  0728.5N 121.9E  9999.9   10.7    310    1.6 1015.79999.9  12.0   0.8   6.5 999.9 999.9
            DCN  11  0828.5N 121.9E  9999.9   10.8    344    2.5 1015.79999.9  12.0   0.8   6.8 999.9 999.9
            DCN  11  0928.5N 121.9E  9999.9   10.9    336    2.1 1015.59999.9  12.1   0.8   6.9 999.9 999.9
            DCN  11  1028.5N 121.9E  9999.9   11.1     37    3.9 1015.39999.9  12.1   0.8   7.2 999.9 999.9
            DCN  11  1128.5N 121.9E  9999.9   11.8    284    1.6 1015.89999.9  12.1   0.7   7.7 999.9 999.9
            DCN  11  1228.5N 121.9E  9999.9   12.0    301    5.0 1016.19999.9  12.1   0.7   7.1 999.9 999.9
            DCN  11  1328.5N 121.9E  9999.9   12.0    301    4.2 1016.09999.9  12.2   0.6   7.2 999.9 999.9
            DCN  11  1428.5N 121.9E  9999.9   11.9    299    3.9 1015.59999.9  12.3   0.7   7.3 999.9 999.9
            DCN  11  1528.5N 121.9E  9999.9   12.0    298    2.3 1014.29999.9  12.3   0.7   7.2 999.9 999.9
            DCN  11  1628.5N 121.9E  9999.9   12.2    280    2.9 1013.09999.9  12.3   0.7   7.1 999.9 999.9
            DCN  11  1728.5N 121.9E  9999.9   12.3    294    2.1 1012.39999.9  12.2   0.7   7.4 999.9 999.9
            DCN  11  1828.5N 121.9E  9999.9   12.5    284    2.8 1011.79999.9  12.2   0.7   7.0 999.9 999.9
            DCN  11  1928.5N 121.9E  9999.9   12.6    299    2.1 1011.59999.9  12.2   0.7   6.6 999.9 999.9
            DCN  11  2028.5N 121.9E  9999.9   13.6      9    0.6 1011.29999.9  12.2   0.7   7.0 999.9 999.9
            DCN  11  2128.5N 121.9E  9999.9   13.5     28    1.0 1011.59999.9  12.2   0.6   6.8 999.9 999.9
            DCN  11  2228.5N 121.9E  9999.9   13.8    312    0.1 1011.99999.9  12.2   0.7   7.0 999.9 999.9
            DCN  11  2328.5N 121.9E  9999.9   13.6    297    2.4 1012.59999.9  12.1   0.6   7.1 999.9 999.9
            DCN  12  0028.5N 121.9E  9999.9   13.7    309    2.4 1012.69999.9  12.2   0.6   7.6 999.9 999.9
            DCN  12  0128.5N 121.9E  9999.9   13.6    292    1.8 1012.79999.9  12.1   0.6   8.2 999.9 999.9
            DCN  12  0228.5N 121.9E  9999.9   13.6    281    2.4 1012.79999.9  12.1   0.7   8.4 999.9 999.9
            DCN  12  0328.5N 121.9E  9999.9   13.1    315    2.9 1012.69999.9  12.1   0.7   7.8 999.9 999.9
            DCN  12  0428.5N 121.9E  9999.9   13.3     28    5.2 1012.69999.9  12.1   0.7   7.3 999.9 999.9
            DCN  12  0528.5N 121.9E  9999.9   12.6     30    5.8 1012.39999.9  12.1   0.8   7.4 999.9 999.9
            DCN  12  0628.5N 121.9E  9999.9   12.4     30    4.5 1012.49999.9  12.1   0.8   7.2 999.9 999.9
            DCN  12  0728.5N 121.9E  9999.9   12.2     36    4.2 1012.29999.9  12.1   0.8   5.9 999.9 999.9
            DCN  12  0828.5N 121.9E  9999.9   12.4     23    6.2 1012.59999.9  12.1   0.8   5.9 999.9 999.9
            DCN  12  0928.5N 121.9E  9999.9   12.2     36    7.6 1012.99999.9  12.2   0.8   6.0 999.9 999.9
            DCN  12  1028.5N 121.9E  9999.9   12.8     22    8.6 1013.59999.9  12.3   0.8   6.7 999.9 999.9
            DCN  12  1128.5N 121.9E  9999.9   14.0     13   10.7 1014.69999.9  12.5   0.8   6.4 999.9 999.9
            DCN  12  1228.5N 121.9E  9999.9   14.6     25    7.7 1015.39999.9  12.9   0.7   6.1 999.9 999.9
            DCN  12  1328.5N 121.9E  9999.9   15.0     28    7.3 1015.69999.9  13.1   0.8   5.7 999.9 999.9
            DCN  12  1428.5N 121.9E  9999.9   15.0     29    7.8 1015.59999.9  13.2   0.9   5.3 999.9 999.9
            DCN  12  1528.5N 121.9E  9999.9   14.6     41    7.9 1015.29999.9  13.3   1.0   5.7 999.9 999.9
            DCN  12  1628.5N 121.9E  9999.9   14.3     43    8.8 1014.49999.9  13.2   1.3   5.3 999.9 999.9
            DCN  12  1728.5N 121.9E  9999.9   13.5     50   10.9 1013.89999.9  12.8   1.5   5.0 999.9 999.9
            DCN  12  1828.5N 121.9E  9999.9   13.8     37   10.7 1013.79999.9  12.7   1.6   5.3 999.9 999.9
            DCN  12  1928.5N 121.9E  9999.9   12.8     41   10.2 1013.59999.9  12.7   1.5   5.4 999.9 999.9
            DCN  12  2028.5N 121.9E  9999.9   12.3     32   12.9 1013.79999.9  12.5   1.5   5.6 999.9 999.9
            DCN  12  2128.5N 121.9E  9999.9   12.2     32   13.7 1014.29999.9  12.5   1.2   5.3 999.9 999.9
            DCN  12  2228.5N 121.9E  9999.9   12.1     35   13.7 1015.09999.9  12.5   1.2   5.5 999.9 999.9
            DCN  12  2328.5N 121.9E  9999.9   11.8     35   12.0 1015.79999.9  12.4   1.1   5.1 999.9 999.9
            DCN  13  0028.5N 121.9E  9999.9   11.7     30   13.5 1016.29999.9  12.4   1.0   5.5 999.9 999.9
            DCN  13  0128.5N 121.9E  9999.9   11.7     29   12.9 1016.59999.9  12.2   0.8   5.4 999.9 999.9
            DCN  13  0228.5N 121.9E  9999.9   11.5     25   11.5 1016.69999.9  12.2   0.9   5.8 999.9 999.9
            DCN  13  0328.5N 121.9E  9999.9   11.1     29    8.5 1017.09999.9  12.1   1.0   5.5 999.9 999.9
            DCN  13  0428.5N 121.9E  9999.9   10.8     29    7.7 1016.79999.9  12.1   0.9   5.0 999.9 999.9
            DCN  13  0528.5N 121.9E  9999.9   10.6     31    9.5 1016.19999.9  12.1   1.0   5.5 999.9 999.9
            DCN  13  0628.5N 121.9E  9999.9   10.3     29    8.3 1015.89999.9  12.1   0.8   6.0 999.9 999.9
            DCN  13  0728.5N 121.9E  9999.9   10.2     29    8.2 1015.69999.9  12.1   0.8   5.7 999.9 999.9
            DCN  13  0828.5N 121.9E  9999.9   10.0     28    7.0 1015.89999.9  12.1   0.7   6.3 999.9 999.9
            DCN  13  0928.5N 121.9E  9999.9    9.9     20    7.9 1016.09999.9  12.2   0.7   6.5 999.9 999.9
            DCN  13  1028.5N 121.9E  9999.9   10.5     26    7.0 1016.49999.9  12.3   0.7   6.4 999.9 999.9
            DCN  13  1128.5N 121.9E  9999.9   11.9     23    6.3 1017.29999.9  12.4   0.6   6.2 999.9 999.9
            DCN  13  1228.5N 121.9E  9999.9   13.9     16    6.0 1017.49999.9  12.7   0.7   6.6 999.9 999.9
            DCN  13  1328.5N 121.9E  9999.9   14.0     20    6.0 1017.09999.9  13.3   0.7   6.5 999.9 999.9
            DCN  13  1428.5N 121.9E  9999.9   14.1     25    5.8 1016.89999.9  13.5   0.7   6.2 999.9 999.9
            DCN  13  1528.5N 121.9E  9999.9   13.8     31    5.2 1015.99999.9  13.9   0.6   6.4 999.9 999.9
            DCN  13  1628.5N 121.9E  9999.9   14.1     24    5.0 1015.39999.9  13.3   0.7   6.8 999.9 999.9
            DCN  13  1728.5N 121.9E  9999.9   14.1     25    4.0 1014.59999.9  13.1   0.6   6.8 999.9 999.9
            DCN  13  1828.5N 121.9E  9999.9   13.1     49    3.4 1014.09999.9  12.8   0.7   6.3 999.9 999.9
            DCN  13  1928.5N 121.9E  9999.9   12.1     68    4.5 1013.29999.9  12.7   0.6   6.2 999.9 999.9
            DCN  13  2028.5N 121.9E  9999.9   11.5     68    4.9 1013.09999.9  12.7   0.6   6.2 999.9 999.9
            DCN  13  2128.5N 121.9E  9999.9   11.3     67    3.2 1013.39999.9  12.6   0.6   6.8 999.9 999.9
            DCN  13  2228.5N 121.9E  9999.9   11.2     73    2.3 1013.69999.9  12.5   0.7   7.0 999.9 999.9
            DCN  13  2328.5N 121.9E  9999.9   11.5     55    3.0 1014.19999.9  12.5   0.7   7.0 999.9 999.9
            DCN  14  0028.5N 121.9E  9999.9   11.3     46    2.1 1014.29999.9  12.5   0.6   7.0 999.9 999.9
            DCN  14  0128.5N 121.9E  9999.9   10.9     40    2.9 1014.39999.9  12.5   0.6   7.2 999.9 999.9
            DCN  14  0228.5N 121.9E  9999.9   10.8    333    1.6 1014.59999.9  12.5   0.6   7.4 999.9 999.9
            DCN  14  0328.5N 121.9E  9999.9   10.8    338    2.8 1014.79999.9  12.4   0.6   7.4 999.9 999.9
            DCN  14  0428.5N 121.9E  9999.9   10.8    282    1.2 1014.09999.9  12.4   0.7   6.7 999.9 999.9
            DCN  14  0528.5N 121.9E  9999.9   10.6    347    1.9 1013.79999.9  12.4   0.6   6.5 999.9 999.9
            DCN  14  0628.5N 121.9E  9999.9   10.6    354    1.7 1013.19999.9  12.4   0.7   6.9 999.9 999.9
            DCN  14  0728.5N 121.9E  9999.9   10.5     13    4.4 1012.79999.9  12.3   0.7   7.1 999.9 999.9
            DCN  14  0828.5N 121.9E  9999.9   10.5     17    5.8 1013.19999.9  12.3  99.7  99.7 999.9 999.9
            DCN  14  0928.5N 121.9E  9999.9   10.3     24    6.4 1013.29999.9  12.4 999.9 999.9 999.9 999.9
            DCN  14  1028.5N 121.9E  9999.9   10.8     46    3.8 1013.99999.9  12.5 999.9 999.9 999.9 999.9
            DCN  14  1128.5N 121.9E  9999.9   12.2     59    2.3 1014.39999.9  12.7  99.7  99.7 999.9 999.9
            DCN  14  1228.5N 121.9E  9999.9   14.0     28    2.2 1014.39999.9  12.8 999.9 999.9 999.9 999.9
            DCN  14  1328.5N 121.9E  9999.9   13.8     45    4.1 1014.49999.9  12.9 999.9 999.9 999.9 999.9
            DCN  14  1428.5N 121.9E  9999.9   14.2     47    4.2 1014.39999.9  13.6  99.7  99.7 999.9 999.9
            DCN  14  1528.5N 121.9E  9999.9   14.6     27    4.6 1013.59999.9  13.9 999.9 999.9 999.9 999.9
            DCN  14  1628.5N 121.9E  9999.9   14.5     29    5.0 1012.79999.9  13.7 999.9 999.9 999.9 999.9
            DCN  14  1728.5N 121.9E  9999.9   14.6     41    3.8 1012.09999.9  13.5  99.7  99.7 999.9 999.9
            DCN  14  1828.5N 121.9E  9999.9   14.3     60    4.4 1011.49999.9  13.1 999.9 999.9 999.9 999.9
            DCN  14  1928.5N 121.9E  9999.9   14.2     67    4.5 1011.19999.9  13.0 999.9 999.9 999.9 999.9
            DCN  14  2028.5N 121.9E  9999.9   13.9     77    2.4 1011.19999.9  13.0 999.9 999.9 999.9 999.9
            DCN  14  2128.5N 121.9E  9999.9   13.0     89    3.1 1011.19999.9  12.9 999.9 999.9 999.9 999.9
            DCN  14  2228.5N 121.9E  9999.9   13.1    119    2.4 1011.29999.9  12.8 999.9 999.9 999.9 999.9
            DCN  14  2328.5N 121.9E  9999.9   13.3    145    2.3 1011.49999.9  12.8 999.9 999.9 999.9 999.9
            DCN  15  0028.5N 121.9E  9999.9   12.7    184    2.4 1012.09999.9  12.7 999.9 999.9 999.9 999.9
            DCN  15  0128.5N 121.9E  9999.9   12.7    218    1.9 1012.29999.9  12.7 999.9 999.9 999.9 999.9
            DCN  15  0228.5N 121.9E  9999.9   12.7    227    1.7 1012.09999.9  12.7 999.9 999.9 999.9 999.9
            DCN  15  0328.5N 121.9E  9999.9   12.8    230    1.9 1011.49999.9  12.6 999.9 999.9 999.9 999.9
            DCN  15  0428.5N 121.9E  9999.9   13.1    223    2.8 1010.99999.9  12.6 999.9 999.9 999.9 999.9
            DCN  15  0528.5N 121.9E  9999.9   13.0    229    3.0 1010.69999.9  12.6 999.9 999.9 999.9 999.9
            DCN  15  0628.5N 121.9E  9999.9   12.8    224    2.4 1009.59999.9  12.6 999.9 999.9 999.9 999.9
            DCN  15  0728.5N 121.9E  9999.9   12.6    218    2.6 1008.79999.9  12.6 999.9 999.9 999.9 999.9
            DCN  15  0828.5N 121.9E  9999.9   12.4    225    2.7 1008.99999.9  12.6  99.7  99.7 999.9 999.9
            DCN  15  0928.5N 121.9E  9999.9   12.2    235    2.8 1009.19999.9  12.6 999.9 999.9 999.9 999.9
            DCN  15  1028.5N 121.9E  9999.9   13.5    227    2.4 1009.59999.9  12.7 999.9 999.9 999.9 999.9
            DCN  15  1128.5N 121.9E  9999.9   15.7    231    2.4 1009.99999.9  12.7  99.7  99.7 999.9 999.9
            DCN  15  1228.5N 121.9E  9999.9   17.2    240    5.0 1010.49999.9  12.8 999.9 999.9 999.9 999.9
            DCN  15  1328.5N 121.9E  9999.9   18.0    247    3.9 1010.29999.9  12.8 999.9 999.9 999.9 999.9
            DCN  15  1428.5N 121.9E  9999.9   20.4    234    3.5 1009.59999.9  12.7  99.7  99.7 999.9 999.9
            DCN  15  1528.5N 121.9E  9999.9   21.0    232    4.9 1008.79999.9  12.9 999.9 999.9 999.9 999.9
            DCN  15  1628.5N 121.9E  9999.9   21.5    230    5.4 1007.49999.9  13.1 999.9 999.9 999.9 999.9
            DCN  15  1728.5N 121.9E  9999.9   19.7    203    5.1 1006.29999.9  13.2  99.7  99.7 999.9 999.9
            DCN  15  1828.5N 121.9E  9999.9   20.3    211    4.3 1005.79999.9  13.3 999.9 999.9 999.9 999.9
            DCN  15  1928.5N 121.9E  9999.9   19.8    228    6.1 1005.79999.9  13.3 999.9 999.9 999.9 999.9
            DCN  15  2028.5N 121.9E  9999.9   18.9    228    5.1 1005.89999.9  13.3 999.9 999.9 999.9 999.9
            DCN  15  2128.5N 121.9E  9999.9   17.2    219    3.1 1006.39999.9  13.5 999.9 999.9 999.9 999.9
            DCN  15  2228.5N 121.9E  9999.9   15.7    192    3.6 1006.69999.9  13.2 999.9 999.9 999.9 999.9
            DCN  15  2328.5N 121.9E  9999.9   15.2    186    3.2 1006.99999.9  13.1 999.9 999.9 999.9 999.9
            DCN  16  0028.5N 121.9E  9999.9   15.1    201    2.7 1007.19999.9  13.1 999.9 999.9 999.9 999.9
            DCN  16  0128.5N 121.9E  9999.9   16.0    203    3.3 1007.09999.9  13.1 999.9 999.9 999.9 999.9
            DCN  16  0228.5N 121.9E  9999.9   15.8    197    3.6 1006.79999.9  12.9 999.9 999.9 999.9 999.9
            DCN  16  0328.5N 121.9E  9999.9   16.5    211    4.1 1006.19999.9  12.9 999.9 999.9 999.9 999.9
            DCN  16  0428.5N 121.9E  9999.9   17.6    230    5.9 1005.89999.9  13.0 999.9 999.9 999.9 999.9
            DCN  16  0528.5N 121.9E  9999.9   17.6    227    5.8 1005.59999.9  13.0 999.9 999.9 999.9 999.9
            DCN  16  0628.5N 121.9E  9999.9   16.8    233    6.4 1005.39999.9  13.0 999.9 999.9 999.9 999.9
            DCN  16  0728.5N 121.9E  9999.9   16.4    214    3.5 1004.89999.9  13.0 999.9 999.9 999.9 999.9
            DCN  16  0828.5N 121.9E  9999.9   14.9    197    4.9 1005.19999.9  13.1  99.7  99.7 999.9 999.9
            DCN  16  0928.5N 121.9E  9999.9   14.6    204    2.7 1005.79999.9  13.3 999.9 999.9 999.9 999.9
            DCN  16  1028.5N 121.9E  9999.9   14.6    198    3.9 1006.19999.9  13.2 999.9 999.9 999.9 999.9
            DCN  16  1128.5N 121.9E  9999.9   15.4    146    2.0 1006.89999.9  13.2  99.7  99.7 999.9 999.9
            DCN  16  1228.5N 121.9E  9999.9   16.3    243    0.7 1007.19999.9  13.2 999.9 999.9 999.9 999.9
            DCN  16  1328.5N 121.9E  9999.9   17.7    179    2.2 1007.49999.9  13.3 999.9 999.9 999.9 999.9
            DCN  16  1428.5N 121.9E  9999.9   19.0      8    0.9 1007.49999.9  13.5  99.7  99.7 999.9 999.9
            DCN  16  1528.5N 121.9E  9999.9   19.0     18    1.8 1007.39999.9  14.5 999.9 999.9 999.9 999.9
            DCN  16  1628.5N 121.9E  9999.9   18.9     42    4.7 1006.89999.9  14.0 999.9 999.9 999.9 999.9
            DCN  16  1728.5N 121.9E  9999.9   15.2     45    9.9 1006.69999.9  13.7  99.7  99.7 999.9 999.9
            DCN  16  1828.5N 121.9E  9999.9   14.0     49   10.6 1006.79999.9  13.5 999.9 999.9 999.9 999.9
            DCN  16  1928.5N 121.9E  9999.9   14.0     29   10.5 1006.89999.9  13.5 999.9 999.9 999.9 999.9
            DCN  16  2028.5N 121.9E  9999.9   13.5     29   12.1 1007.39999.9  13.4 999.9 999.9 999.9 999.9
            DCN  16  2128.5N 121.9E  9999.9   13.1     30   10.4 1008.19999.9  13.4 999.9 999.9 999.9 999.9
            DCN  16  2228.5N 121.9E  9999.9   12.8     29   12.0 1008.79999.9  13.3 999.9 999.9 999.9 999.9
            DCN  16  2328.5N 121.9E  9999.9   12.5     31   12.3 1009.09999.9  13.3 999.9 999.9 999.9 999.9
            DCN  17  0028.5N 121.9E  9999.9   12.6     30   11.6 1009.89999.9  13.3 999.9 999.9 999.9 999.9
            DCN  17  0128.5N 121.9E  9999.9   12.4     27   10.4 1010.09999.9  13.2 999.9 999.9 999.9 999.9
            DCN  17  0228.5N 121.9E  9999.9   12.2     24   10.5 1010.29999.9  13.2 999.9 999.9 999.9 999.9
            DCN  17  0328.5N 121.9E  9999.9   11.8     26   10.0 1010.09999.9  13.2 999.9 999.9 999.9 999.9
            DCN  17  0428.5N 121.9E  9999.9   11.5     30    9.5 1009.79999.9  13.1 999.9 999.9 999.9 999.9
            DCN  17  0528.5N 121.9E  9999.9   11.4     33    8.3 1009.39999.9  13.1 999.9 999.9 999.9 999.9
            DCN  17  0628.5N 121.9E  9999.9   11.2     27    8.6 1009.09999.9  13.1 999.9 999.9 999.9 999.9
            DCN  17  0728.5N 121.9E  9999.9   10.9     24   10.0 1009.29999.9  13.0 999.9 999.9 999.9 999.9
            DCN  17  0828.5N 121.9E  9999.9   10.7     30    9.7 1008.89999.9  13.0  99.7  99.7 999.9 999.9
            DCN  17  0928.5N 121.9E  9999.9   10.9     29   10.0 1009.29999.9  13.0 999.9 999.9 999.9 999.9
            DCN  17  1028.5N 121.9E  9999.9   10.9     28   10.1 1009.79999.9  13.0 999.9 999.9 999.9 999.9
            DCN  17  1128.5N 121.9E  9999.9   11.1     28   10.2 1010.49999.9  13.1  99.7  99.7 999.9 999.9
            DCN  17  1228.5N 121.9E  9999.9   11.0     28   10.4 1010.69999.9  13.1 999.9 999.9 999.9 999.9
            DCN  17  1328.5N 121.9E  9999.9   11.3     30    9.9 1010.69999.9  13.1 999.9 999.9 999.9 999.9
            DCN  17  1428.5N 121.9E  9999.9   11.4     29    9.8 1010.69999.9  13.1  99.7  99.7 999.9 999.9
            DCN  17  1528.5N 121.9E  9999.9   11.2     20   10.1 1010.49999.9  13.2 999.9 999.9 999.9 999.9
            DCN  17  1628.5N 121.9E  9999.9   11.5     18   10.1 1009.99999.9  13.2 999.9 999.9 999.9 999.9
            DCN  17  1728.5N 121.9E  9999.9   11.3     24    9.2 1009.09999.9  13.2  99.7  99.7 999.9 999.9
            DCN  17  1828.5N 121.9E  9999.9   11.5     30    8.5 1009.09999.9  13.1 999.9 999.9 999.9 999.9
            DCN  17  1928.5N 121.9E  9999.9   11.1     32    9.0 1009.19999.9  13.1 999.9 999.9 999.9 999.9
            DCN  17  2028.5N 121.9E  9999.9   10.9     30    9.5 1009.39999.9  13.1 999.9 999.9 999.9 999.9
            DCN  17  2128.5N 121.9E  9999.9   10.6     25    8.5 1009.99999.9  13.0 999.9 999.9 999.9 999.9
            DCN  17  2228.5N 121.9E  9999.9   10.6     25    8.3 1010.29999.9  13.0 999.9 999.9 999.9 999.9
            DCN  17  2328.5N 121.9E  9999.9   10.7     19    9.2 1010.89999.9  13.0 999.9 999.9 999.9 999.9
            DCN  18  0028.5N 121.9E  9999.9   10.8     28    7.8 1010.89999.9  13.0 999.9 999.9 999.9 999.9
            DCN  18  0128.5N 121.9E  9999.9   11.0     22    8.0 1011.19999.9  13.1 999.9 999.9 999.9 999.9
            DCN  18  0228.5N 121.9E  9999.9   11.0     18    8.5 1011.19999.9  13.1 999.9 999.9 999.9 999.9
            DCN  18  0328.5N 121.9E  9999.9   11.1     24    7.9 1010.89999.9  13.1 999.9 999.9 999.9 999.9
            DCN  18  0428.5N 121.9E  9999.9   11.2     28    6.7 1010.59999.9  13.1 999.9 999.9 999.9 999.9
            DCN  18  0528.5N 121.9E  9999.9   11.1     15    7.2 1010.09999.9  13.1 999.9 999.9 999.9 999.9
            DCN  18  0628.5N 121.9E  9999.9   11.1     16    6.0 1009.69999.9  13.0 999.9 999.9 999.9 999.9
            DCN  18  0728.5N 121.9E  9999.9   11.1     21    4.7 1009.49999.9  13.0 999.9 999.9 999.9 999.9
            DCN  18  0828.5N 121.9E  9999.9   11.2     25    5.7 1009.59999.9  13.0  99.7  99.7 999.9 999.9
            DCN  18  0928.5N 121.9E  9999.9   11.3     25    7.1 1009.69999.9  13.1 999.9 999.9 999.9 999.9
            DCN  18  1028.5N 121.9E  9999.9   11.4     32    7.4 1009.89999.9  13.0 999.9 999.9 999.9 999.9
            DCN  18  1128.5N 121.9E  9999.9   11.8     42    5.7 1010.29999.9  13.0  99.7  99.7 999.9 999.9
            DCN  18  1228.5N 121.9E  9999.9   12.2     38    5.4 1010.39999.9  13.0 999.9 999.9 999.9 999.9
            DCN  18  1328.5N 121.9E  9999.9   12.8     29    6.8 1010.19999.9  13.0 999.9 999.9 999.9 999.9
            DCN  18  1428.5N 121.9E  9999.9   13.4     31    5.0 1010.09999.9  13.4  99.7  99.7 999.9 999.9
            DCN  18  1528.5N 121.9E  9999.9   14.2     30    5.0 1009.29999.9  13.4 999.9 999.9 999.9 999.9
            DCN  18  1628.5N 121.9E  9999.9   13.6     20    4.5 1008.89999.9  13.5 999.9 999.9 999.9 999.9
            DCN  18  1728.5N 121.9E  9999.9   13.6     26    4.3 1007.99999.9  13.3  99.7  99.7 999.9 999.9
            DCN  18  1828.5N 121.9E  9999.9   13.9     19    3.3 1007.49999.9  13.3 999.9 999.9 999.9 999.9
            DCN  18  1928.5N 121.9E  9999.9   13.2     36    3.3 1007.59999.9  13.3 999.9 999.9 999.9 999.9
            DCN  18  2028.5N 121.9E  9999.9   12.9     40    3.4 1007.39999.9  13.3 999.9 999.9 999.9 999.9
            DCN  18  2128.5N 121.9E  9999.9   12.6     30    4.1 1007.69999.9  13.2 999.9 999.9 999.9 999.9
            DCN  18  2228.5N 121.9E  9999.9   12.6     28    3.5 1007.99999.9  13.2 999.9 999.9 999.9 999.9
            DCN  18  2328.5N 121.9E  9999.9   12.6     24    5.1 1008.49999.9  13.2 999.9 999.9 999.9 999.9
            DCN  19  0028.5N 121.9E  9999.9   12.7     26    5.4 1009.09999.9  13.2 999.9 999.9 999.9 999.9
            DCN  19  0128.5N 121.9E  9999.9   12.6     27    6.0 1009.29999.9  13.2 999.9 999.9 999.9 999.9
            DCN  19  0228.5N 121.9E  9999.9   12.5     29    5.7 1008.99999.9  13.2 999.9 999.9 999.9 999.9
            DCN  19  0328.5N 121.9E  9999.9   12.5     20    7.1 1008.69999.9  13.2 999.9 999.9 999.9 999.9
            DCN  19  0428.5N 121.9E  9999.9   12.4     35    5.8 1008.29999.9  13.2 999.9 999.9 999.9 999.9
            DCN  19  0528.5N 121.9E  9999.9   12.5     38    4.8 1008.19999.9  13.2 999.9 999.9 999.9 999.9
            DCN  19  0628.5N 121.9E  9999.9   12.4     30    5.5 1007.29999.9  13.2 999.9 999.9 999.9 999.9
            DCN  19  0728.5N 121.9E  9999.9   12.4     44    5.6 1006.49999.9  13.2 999.9 999.9 999.9 999.9
            DCN  19  0828.5N 121.9E  9999.9   12.6     17    4.7 1007.19999.9  13.2  99.7  99.7 999.9 999.9
            DCN  19  0928.5N 121.9E  9999.9   12.8     25    3.0 1007.19999.9  13.2 999.9 999.9 999.9 999.9
            DCN  19  1028.5N 121.9E  9999.9   12.7     37    2.6 1007.09999.9  13.2 999.9 999.9 999.9 999.9
            DCN  19  1128.5N 121.9E  9999.9   13.5      1    2.4 1007.39999.9  13.2  99.7  99.7 999.9 999.9
            DCN  19  1228.5N 121.9E  9999.9   13.5    342    3.1 1007.49999.9  13.2 999.9 999.9 999.9 999.9
            DCN  19  1328.5N 121.9E  9999.9   13.3     13    3.0 1007.29999.9  13.2 999.9 999.9 999.9 999.9
            DCN  19  1428.5N 121.9E  9999.9   13.2     16    4.7 1006.69999.9  13.2  99.7  99.7 999.9 999.9
            DCN  19  1528.5N 121.9E  9999.9   13.0    348    5.3 1006.59999.9  13.2 999.9 999.9 999.9 999.9
            DCN  19  1628.5N 121.9E  9999.9   13.3     15    5.8 1005.39999.9  13.4 999.9 999.9 999.9 999.9
            DCN  19  1728.5N 121.9E  9999.9   13.1     27    8.6 1004.29999.9  13.3  99.7  99.7 999.9 999.9
            DCN  19  1828.5N 121.9E  9999.9   12.7     25    8.6 1003.89999.9  13.3 999.9 999.9 999.9 999.9
            DCN  19  1928.5N 121.9E  9999.9   12.7     29    8.3 1003.69999.9  13.3 999.9 999.9 999.9 999.9
            DCN  19  2028.5N 121.9E  9999.9   12.9     37    7.2 1003.69999.9  13.3 999.9 999.9 999.9 999.9
            DCN  19  2128.5N 121.9E  9999.9   12.9     29    5.4 1004.09999.9  13.3 999.9 999.9 999.9 999.9
            DCN  19  2228.5N 121.9E  9999.9   13.0     22    6.9 1004.89999.9  13.3 999.9 999.9 999.9 999.9
            DCN  19  2328.5N 121.9E  9999.9   12.9     27    6.2 1005.19999.9  13.3 999.9 999.9 999.9 999.9
            DCN  20  0028.5N 121.9E  9999.9   13.0     33    5.1 1005.59999.9  13.3 999.9 999.9 999.9 999.9
            DCN  20  0128.5N 121.9E  9999.9   13.0     24    5.3 1005.89999.9  13.3 999.9 999.9 999.9 999.9
            DCN  20  0228.5N 121.9E  9999.9   13.4     15    2.5 1005.69999.9  13.3 999.9 999.9 999.9 999.9
            DCN  20  0328.5N 121.9E  9999.9   13.0     55    3.6 1004.69999.9  13.3 999.9 999.9 999.9 999.9
            DCN  20  0428.5N 121.9E  9999.9   12.9     54    2.1 1003.99999.9  13.2 999.9 999.9 999.9 999.9
            DCN  20  0528.5N 121.9E  9999.9   13.0     74    2.2 1003.09999.9  13.2 999.9 999.9 999.9 999.9
            DCN  20  0628.5N 121.9E  9999.9   13.0     59    1.4 1002.89999.9  13.2 999.9 999.9 999.9 999.9
            DCN  20  0728.5N 121.9E  9999.9   13.3    141    0.5 1002.59999.9  13.2 999.9 999.9 999.9 999.9
            DCN  20  0828.5N 121.9E  9999.9   13.2    356    1.8 1004.19999.9  13.2  99.7  99.7 999.9 999.9
            DCN  20  0928.5N 121.9E  9999.9   13.1     41    4.2 1004.39999.9  13.2 999.9 999.9 999.9 999.9
            DCN  20  1028.5N 121.9E  9999.9   13.4     80    2.3 1004.99999.9  13.2 999.9 999.9 999.9 999.9
            DCN  20  1128.5N 121.9E  9999.9   13.1    122    2.3 1004.89999.9  13.2  99.7  99.7 999.9 999.9
            DCN  20  1228.5N 121.9E  9999.9   13.3     46    3.9 1005.89999.9  13.3 999.9 999.9 999.9 999.9
            DCN  20  1328.5N 121.9E  9999.9   12.7     39    6.9 1006.19999.9  13.3 999.9 999.9 999.9 999.9
            DCN  20  1428.5N 121.9E  9999.9   12.7     25    6.5 1006.19999.9  13.3  99.7  99.7 999.9 999.9
            DCN  20  1528.5N 121.9E  9999.9   13.1     22    6.6 1005.69999.9  13.3 999.9 999.9 999.9 999.9
            DCN  20  1628.5N 121.9E  9999.9   13.0     16   10.2 1004.79999.9  13.4 999.9 999.9 999.9 999.9
            DCN  20  1728.5N 121.9E  9999.9   13.6     13    9.2 1004.69999.9  13.4  99.7  99.7 999.9 999.9
            DCN  20  1828.5N 121.9E  9999.9   13.4     41    7.1 1004.79999.9  13.3 999.9 999.9 999.9 999.9
            DCN  20  1928.5N 121.9E  9999.9   13.2     44    9.6 1005.19999.9  13.3 999.9 999.9 999.9 999.9
            DCN  20  2028.5N 121.9E  9999.9   13.0     35   11.6 1005.49999.9  13.3 999.9 999.9 999.9 999.9
            DCN  20  2128.5N 121.9E  9999.9   12.8     29   11.5 1006.59999.9  13.3 999.9 999.9 999.9 999.9
            DCN  20  2228.5N 121.9E  9999.9   12.6     24   12.5 1008.09999.9  13.2 999.9 999.9 999.9 999.9
            DCN  20  2328.5N 121.9E  9999.9   12.2     29   11.9 1008.79999.9  13.2 999.9 999.9 999.9 999.9
            DCN  21  0028.5N 121.9E  9999.9   11.9     28   10.9 1009.79999.9  13.2 999.9 999.9 999.9 999.9
            DCN  21  0128.5N 121.9E  9999.9   11.5     30   11.6 1010.59999.9  13.2 999.9 999.9 999.9 999.9
            DCN  21  0228.5N 121.9E  9999.9   11.6     25   11.0 1009.99999.9  13.2 999.9 999.9 999.9 999.9
            DCN  21  0328.5N 121.9E  9999.9   11.4     22   11.8 1010.19999.9  13.1 999.9 999.9 999.9 999.9
            DCN  21  0428.5N 121.9E  9999.9   11.2     12   11.0 1010.59999.9  13.1 999.9 999.9 999.9 999.9
            DCN  21  0528.5N 121.9E  9999.9   10.2     11   13.7 1010.79999.9  13.1 999.9 999.9 999.9 999.9
            DCN  21  0628.5N 121.9E  9999.9    9.8      8   10.7 1011.29999.9  13.1 999.9 999.9 999.9 999.9
            DCN  21  0728.5N 121.9E  9999.9    9.8      0   10.3 1011.39999.9  13.0 999.9 999.9 999.9 999.9
            DCN  21  0828.5N 121.9E  9999.9    9.7      3   10.2 1012.09999.9  13.0  99.7  99.7 999.9 999.9
            DCN  21  0928.5N 121.9E  9999.9    9.5      6    9.5 1012.99999.9  13.0 999.9 999.9 999.9 999.9
            DCN  21  1028.5N 121.9E  9999.9    9.4      4    8.2 1014.09999.9  13.0 999.9 999.9 999.9 999.9
            DCN  21  1128.5N 121.9E  9999.9    9.5    353    8.6 1014.49999.9  13.0  99.7  99.7 999.9 999.9
            DCN  21  1228.5N 121.9E  9999.9    9.9      1    9.5 1015.09999.9  13.0 999.9 999.9 999.9 999.9
            DCN  21  1328.5N 121.9E  9999.9   10.8      2   11.3 1014.99999.9  13.0 999.9 999.9 999.9 999.9
            DCN  21  1428.5N 121.9E  9999.9   11.3      9    9.9 1014.99999.9  13.0  99.7  99.7 999.9 999.9
            DCN  21  1528.5N 121.9E  9999.9   11.3      5   10.2 1015.49999.9  13.0 999.9 999.9 999.9 999.9
            DCN  21  1628.5N 121.9E  9999.9   12.1     12   10.7 1015.29999.9  13.0 999.9 999.9 999.9 999.9
            DCN  21  1728.5N 121.9E  9999.9   11.7     20    9.1 1014.89999.9  13.0  99.7  99.7 999.9 999.9
            DCN  21  1828.5N 121.9E  9999.9   11.6     26   10.4 1014.79999.9  13.0 999.9 999.9 999.9 999.9
            DCN  21  1928.5N 121.9E  9999.9   11.7     28   10.7 1015.09999.9  13.0 999.9 999.9 999.9 999.9
            DCN  21  2028.5N 121.9E  9999.9   11.6     24   10.4 1015.29999.9  12.9 999.9 999.9 999.9 999.9
            DCN  21  2128.5N 121.9E  9999.9   10.9     26    8.7 1016.29999.9  12.9 999.9 999.9 999.9 999.9
            DCN  21  2228.5N 121.9E  9999.9   11.1     40    6.7 1016.69999.9  12.9 999.9 999.9 999.9 999.9
            DCN  21  2328.5N 121.9E  9999.9   11.1     41    7.5 1017.59999.9  12.9 999.9 999.9 999.9 999.9
            DCN  22  0028.5N 121.9E  9999.9   10.8     45    8.4 1018.39999.9  12.8 999.9 999.9 999.9 999.9
            DCN  22  0128.5N 121.9E  9999.9   10.6     31    9.3 1018.89999.9  12.8 999.9 999.9 999.9 999.9
            DCN  22  0228.5N 121.9E  9999.9   10.3     32    9.2 1018.89999.9  12.8 999.9 999.9 999.9 999.9
            DCN  22  0328.5N 121.9E  9999.9   10.1     31    9.8 1018.79999.9  12.8 999.9 999.9 999.9 999.9
            DCN  22  0428.5N 121.9E  9999.9    9.9     31    9.9 1018.89999.9  12.8 999.9 999.9 999.9 999.9
            DCN  22  0528.5N 121.9E  9999.9    9.7     32    7.9 1019.09999.9  12.8 999.9 999.9 999.9 999.9
            DCN  22  0628.5N 121.9E  9999.9    9.6     29    9.4 1018.49999.9  12.7 999.9 999.9 999.9 999.9
            DCN  22  0728.5N 121.9E  9999.9    9.7     18    9.8 1019.09999.9  12.7 999.9 999.9 999.9 999.9
            DCN  22  0828.5N 121.9E  9999.9    9.5     13    8.9 1019.89999.9  12.7  99.7  99.7 999.9 999.9
            DCN  22  0928.5N 121.9E  9999.9    9.4     13    8.7 1020.29999.9  12.7 999.9 999.9 999.9 999.9
            DCN  22  1028.5N 121.9E  9999.9    9.4     12    8.7 1020.79999.9  12.7 999.9 999.9 999.9 999.9
            DCN  22  1128.5N 121.9E  9999.9   10.7     13    8.3 1021.39999.9  12.8  99.7  99.7 999.9 999.9
            DCN  22  1228.5N 121.9E  9999.9   10.8     16    9.2 1021.79999.9  12.9 999.9 999.9 999.9 999.9
            DCN  22  1328.5N 121.9E  9999.9   11.5     15    7.4 1021.89999.9  13.0 999.9 999.9 999.9 999.9
            DCN  22  1428.5N 121.9E  9999.9   12.9     14    8.4 1021.29999.9  13.2  99.7  99.7 999.9 999.9
            DCN  22  1528.5N 121.9E  9999.9   13.2     23    6.6 1020.99999.9  13.2 999.9 999.9 999.9 999.9
            DCN  22  1628.5N 121.9E  9999.9   12.2     28    7.2 1020.19999.9  13.3 999.9 999.9 999.9 999.9
            DCN  22  1728.5N 121.9E  9999.9   11.3     48    7.8 1019.49999.9  13.4  99.7  99.7 999.9 999.9
            DCN  22  1828.5N 121.9E  9999.9   11.5     45    7.4 1019.19999.9  13.3 999.9 999.9 999.9 999.9
            DCN  22  1928.5N 121.9E  9999.9   11.2     60    5.5 1018.89999.9  13.0 999.9 999.9 999.9 999.9
            DCN  22  2028.5N 121.9E  9999.9   10.7     65    5.2 1018.99999.9  12.9 999.9 999.9 999.9 999.9
            DCN  22  2128.5N 121.9E  9999.9   10.1     62    4.4 1019.49999.9  12.9 999.9 999.9 999.9 999.9
            DCN  22  2228.5N 121.9E  9999.9   10.3     50    5.9 1019.89999.9  12.8 999.9 999.9 999.9 999.9
            DCN  22  2328.5N 121.9E  9999.9   10.3     50    5.2 1020.59999.9  12.8 999.9 999.9 999.9 999.9
            DCN  23  0028.5N 121.9E  9999.9   10.4     47    6.1 1020.69999.9  12.7 999.9 999.9 999.9 999.9
            DCN  23  0128.5N 121.9E  9999.9   10.2     44    4.9 1020.59999.9  12.7 999.9 999.9 999.9 999.9
            DCN  23  0228.5N 121.9E  9999.9    9.2     38    3.3 1020.59999.9  12.7 999.9 999.9 999.9 999.9
            DCN  23  0328.5N 121.9E  9999.9    8.9      6    2.2 1020.29999.9  12.7 999.9 999.9 999.9 999.9
            DCN  23  0428.5N 121.9E  9999.9    8.7     15    1.4 1019.69999.9  12.7 999.9 999.9 999.9 999.9
            DCN  23  0528.5N 121.9E  9999.9    8.4    342    1.7 1019.29999.9  12.6 999.9 999.9 999.9 999.9
            DCN  23  0628.5N 121.9E  9999.9    7.9    327    2.2 1019.09999.9  12.6 999.9 999.9 999.9 999.9
            DCN  23  0728.5N 121.9E  9999.9    7.8    328    2.3 1018.69999.9  12.6 999.9 999.9 999.9 999.9
            DCN  23  0828.5N 121.9E  9999.9    7.6    337    2.8 1019.09999.9  12.6  99.7  99.7 999.9 999.9
            DCN  23  0928.5N 121.9E  9999.9    7.5    332    2.4 1019.29999.9  12.7 999.9 999.9 999.9 999.9
            DCN  23  1028.5N 121.9E  9999.9    9.2    315    1.3 1019.49999.9  12.9 999.9 999.9 999.9 999.9
            DCN  23  1128.5N 121.9E  9999.9   12.3    329    2.2 1020.09999.9  13.4  99.7  99.7 999.9 999.9
            DCN  23  1228.5N 121.9E  9999.9   13.8    334    2.4 1019.99999.9  13.6 999.9 999.9 999.9 999.9
            DCN  23  1328.5N 121.9E  9999.9   14.2     16    2.0 1019.69999.9  13.7 999.9 999.9 999.9 999.9
            DCN  23  1428.5N 121.9E  9999.9   14.4     24    2.9 1019.19999.9  13.9  99.7  99.7 999.9 999.9
            DCN  23  1528.5N 121.9E  9999.9   14.2     26    3.2 1018.09999.9  14.0 999.9 999.9 999.9 999.9
            DCN  23  1628.5N 121.9E  9999.9   14.9     46    1.9 1016.89999.9  13.9 999.9 999.9 999.9 999.9
            DCN  23  1728.5N 121.9E  9999.9   13.8    165    2.1 1015.69999.9  13.7  99.7  99.7 999.9 999.9
            DCN  23  1828.5N 121.9E  9999.9   14.0    150    1.4 1014.99999.9  13.6 999.9 999.9 999.9 999.9
            DCN  23  1928.5N 121.9E  9999.9   13.7    158    1.5 1014.49999.9  13.2 999.9 999.9 999.9 999.9
            DCN  23  2028.5N 121.9E  9999.9   13.0    181    1.7 1014.79999.9  13.0 999.9 999.9 999.9 999.9
            DCN  23  2128.5N 121.9E  9999.9   11.5    100    1.6 1013.99999.9  13.0 999.9 999.9 999.9 999.9
            DCN  23  2228.5N 121.9E  9999.9   10.9     83    1.7 1014.09999.9  13.0 999.9 999.9 999.9 999.9
            DCN  23  2328.5N 121.9E  9999.9   11.1     86    1.5 1014.29999.9  13.1 999.9 999.9 999.9 999.9
            DCN  24  0028.5N 121.9E  9999.9   12.0    127    2.2 1014.39999.9  13.3 999.9 999.9 999.9 999.9
            DCN  24  0128.5N 121.9E  9999.9   12.2     89    1.8 1013.39999.9  13.3 999.9 999.9 999.9 999.9
            DCN  24  0228.5N 121.9E  9999.9   12.7    108    1.6 1012.79999.9  13.3 999.9 999.9 999.9 999.9
            DCN  24  0328.5N 121.9E  9999.9   12.3     56    0.1 1012.19999.9  13.3 999.9 999.9 999.9 999.9
            DCN  24  0428.5N 121.9E  9999.9   12.0     53    2.8 1010.69999.9  13.2 999.9 999.9 999.9 999.9
            DCN  24  0528.5N 121.9E  9999.9   11.9     71    2.9 1009.99999.9  13.1 999.9 999.9 999.9 999.9
            DCN  24  0628.5N 121.9E  9999.9   12.2      5    1.2 1009.69999.9  13.1 999.9 999.9 999.9 999.9
            DCN  24  0728.5N 121.9E  9999.9   12.6     14    5.2 1008.79999.9  13.1 999.9 999.9 999.9 999.9
            DCN  24  0828.5N 121.9E  9999.9   11.8     27    6.5 1008.29999.9  13.1  99.7  99.7 999.9 999.9
            DCN  24  0928.5N 121.9E  9999.9   11.8     39    8.8 1007.99999.9  13.1 999.9 999.9 999.9 999.9
            DCN  24  1028.5N 121.9E  9999.9   12.2     41    9.1 1007.49999.9  13.2 999.9 999.9 999.9 999.9
            DCN  24  1128.5N 121.9E  9999.9   13.5     54    7.1 1007.79999.9  13.2  99.7  99.7 999.9 999.9
            DCN  24  1228.5N 121.9E  9999.9   11.9    358   13.3 1007.89999.9  13.2 999.9 999.9 999.9 999.9
            DCN  24  1328.5N 121.9E  9999.9   11.5    340   11.3 1008.89999.9  13.2 999.9 999.9 999.9 999.9
            DCN  24  1428.5N 121.9E  9999.9   11.8    348   12.2 1008.49999.9  13.2  99.7  99.7 999.9 999.9
            DCN  24  1528.5N 121.9E  9999.9   11.4    350   12.2 1008.59999.9  13.2 999.9 999.9 999.9 999.9
            DCN  24  1628.5N 121.9E  9999.9   11.7    354   11.9 1008.39999.9  13.2 999.9 999.9 999.9 999.9
            DCN  24  1728.5N 121.9E  9999.9   11.7    352   12.1 1007.79999.9  13.2  99.7  99.7 999.9 999.9
            DCN  24  1828.5N 121.9E  9999.9   13.4    350   11.6 1007.69999.9  13.3 999.9 999.9 999.9 999.9
            DCN  24  1928.5N 121.9E  9999.9   14.5    343   11.1 1007.79999.9  13.3 999.9 999.9 999.9 999.9
            DCN  24  2028.5N 121.9E  9999.9   14.3    338    9.7 1008.19999.9  13.3 999.9 999.9 999.9 999.9
            DCN  24  2128.5N 121.9E  9999.9   13.6    342    9.3 1009.29999.9  13.3 999.9 999.9 999.9 999.9
            DCN  24  2228.5N 121.9E  9999.9   13.5    342    8.8 1010.09999.9  13.2 999.9 999.9 999.9 999.9
            DCN  24  2328.5N 121.9E  9999.9   13.6    342    8.9 1010.99999.9  13.2 999.9 999.9 999.9 999.9
            DCN  25  0028.5N 121.9E  9999.9   13.5    356    8.5 1011.29999.9  13.2 999.9 999.9 999.9 999.9
            DCN  25  0128.5N 121.9E  9999.9   13.3    358    9.7 1011.19999.9  13.2 999.9 999.9 999.9 999.9
            DCN  25  0228.5N 121.9E  9999.9   13.0      0    9.6 1010.79999.9  13.2 999.9 999.9 999.9 999.9
            DCN  25  0328.5N 121.9E  9999.9   13.4      3    7.8 1010.89999.9  13.1 999.9 999.9 999.9 999.9
            DCN  25  0428.5N 121.9E  9999.9   13.3      2    7.9 1010.69999.9  13.1 999.9 999.9 999.9 999.9
            DCN  25  0528.5N 121.9E  9999.9   13.1    357    7.7 1010.29999.9  13.1 999.9 999.9 999.9 999.9
            DCN  25  0628.5N 121.9E  9999.9   13.2    357    7.9 1010.29999.9  13.2 999.9 999.9 999.9 999.9
            DCN  25  0728.5N 121.9E  9999.9   12.6      2    6.4 1010.39999.9  13.2 999.9 999.9 999.9 999.9
            DCN  25  0828.5N 121.9E  9999.9   12.7      9    8.3 1011.19999.9  13.2  99.7  99.7 999.9 999.9
            DCN  25  0928.5N 121.9E  9999.9   12.5      5    7.8 1012.09999.9  13.1 999.9 999.9 999.9 999.9
            DCN  25  1028.5N 121.9E  9999.9   13.4      7    7.5 1013.29999.9  13.4 999.9 999.9 999.9 999.9
            DCN  25  1128.5N 121.9E  9999.9   14.0     12    7.9 1014.29999.9  13.8  99.7  99.7 999.9 999.9
            DCN  25  1228.5N 121.9E  9999.9   15.9     16    9.5 1014.99999.9  14.1 999.9 999.9 999.9 999.9
            DCN  25  1328.5N 121.9E  9999.9   16.8     11    9.5 1015.39999.9  14.0 999.9 999.9 999.9 999.9
            DCN  25  1428.5N 121.9E  9999.9   16.8     18   10.2 1015.09999.9  14.3  99.7  99.7 999.9 999.9
            DCN  25  1528.5N 121.9E  9999.9   16.5     20   10.8 1014.69999.9  14.1 999.9 999.9 999.9 999.9
            DCN  25  1628.5N 121.9E  9999.9   16.4     22    9.8 1014.19999.9  14.1 999.9 999.9 999.9 999.9
            DCN  25  1728.5N 121.9E  9999.9   15.8     26    9.6 1013.59999.9  13.9  99.7  99.7 999.9 999.9
            DCN  25  1828.5N 121.9E  9999.9   15.7     30    8.2 1013.39999.9  13.8 999.9 999.9 999.9 999.9
            DCN  25  1928.5N 121.9E  9999.9   14.8     33    8.4 1013.19999.9  13.8 999.9 999.9 999.9 999.9
            DCN  25  2028.5N 121.9E  9999.9   14.1     33    8.3 1013.19999.9  13.7 999.9 999.9 999.9 999.9
            DCN  25  2128.5N 121.9E  9999.9   13.2     45    8.2 1013.09999.9  13.7 999.9 999.9 999.9 999.9
            DCN  25  2228.5N 121.9E  9999.9   12.8     49    6.4 1013.39999.9  13.4 999.9 999.9 999.9 999.9
            DCN  25  2328.5N 121.9E  9999.9   12.8     53    7.0 1013.69999.9  13.3 999.9 999.9 999.9 999.9
            DCN  26  0028.5N 121.9E  9999.9   12.4     44    5.5 1014.19999.9  13.3 999.9 999.9 999.9 999.9
            DCN  26  0128.5N 121.9E  9999.9   12.1     33    4.0 1014.39999.9  13.3 999.9 999.9 999.9 999.9
            DCN  26  0228.5N 121.9E  9999.9   12.2     28    5.2 1014.29999.9  13.3 999.9 999.9 999.9 999.9
            DCN  26  0328.5N 121.9E  9999.9   12.2     26    4.9 1013.79999.9  13.3 999.9 999.9 999.9 999.9
            DCN  26  0428.5N 121.9E  9999.9   12.1     49    4.3 1013.19999.9  13.3 999.9 999.9 999.9 999.9
            DCN  26  0528.5N 121.9E  9999.9   12.4     42    2.1 1012.69999.9  13.3 999.9 999.9 999.9 999.9
            DCN  26  0628.5N 121.9E  9999.9   12.7    279    2.2 1011.79999.9  13.3 999.9 999.9 999.9 999.9
            DCN  26  0728.5N 121.9E  9999.9   12.6    338    4.0 1011.69999.9  13.2 999.9 999.9 999.9 999.9
            DCN  26  0828.5N 121.9E  9999.9   12.5    320    2.6 1011.99999.9  13.2  99.7  99.7 999.9 999.9
            DCN  26  0928.5N 121.9E  9999.9   12.5    320    2.7 1012.19999.9  13.2 999.9 999.9 999.9 999.9
            DCN  26  1028.5N 121.9E  9999.9   13.0    324    2.7 1012.49999.9  13.5 999.9 999.9 999.9 999.9
            DCN  26  1128.5N 121.9E  9999.9   14.5     30    3.7 1012.69999.9  13.5   0.8   6.3 999.9 999.9
            DCN  26  1228.5N 121.9E  9999.9   15.4     27    3.1 1013.09999.9  13.3   0.8   6.8 999.9 999.9
            DCN  26  1328.5N 121.9E  9999.9   15.8    311    1.5 1012.89999.9  13.9   0.8   6.8 999.9 999.9
            DCN  26  1428.5N 121.9E  9999.9   15.0    310    1.7 1012.49999.9  14.3   0.8   6.4 999.9 999.9
            DCN  26  1528.5N 121.9E  9999.9   16.7    327    0.7 1011.39999.9  14.4   0.8   6.2 999.9 999.9
            DCN  26  1628.5N 121.9E  9999.9   16.5     58    2.1 1010.39999.9  13.8   0.8   6.7 999.9 999.9
            DCN  26  1728.5N 121.9E  9999.9   15.9     49    3.1 1009.49999.9  13.6   0.8   6.5 999.9 999.9
            DCN  26  1828.5N 121.9E  9999.9   15.6     54    3.6 1008.69999.9  13.7   0.8   6.4 999.9 999.9
            DCN  26  1928.5N 121.9E  9999.9   15.2     51    3.3 1008.09999.9  13.8   0.9   6.9 999.9 999.9
            DCN  26  2028.5N 121.9E  9999.9   15.0     48    3.8 1007.79999.9  13.8   0.9   6.5 999.9 999.9
            DCN  26  2128.5N 121.9E  9999.9   15.0     62    2.8 1007.59999.9  13.8   0.9   6.3 999.9 999.9
            DCN  26  2228.5N 121.9E  9999.9   15.2     68    2.0 1007.49999.9  13.7   0.9   6.7 999.9 999.9
            DCN  26  2328.5N 121.9E  9999.9   16.3    109    2.2 1007.69999.9  13.4   0.9   6.0 999.9 999.9
            DCN  27  0028.5N 121.9E  9999.9   16.6    187    3.6 1007.79999.9  13.4   0.9   6.5 999.9 999.9
            DCN  27  0128.5N 121.9E  9999.9   16.3    197    3.1 1007.59999.9  13.4   0.9   6.5 999.9 999.9
            DCN  27  0228.5N 121.9E  9999.9   16.5    203    3.6 1007.39999.9  13.4   0.9   6.7 999.9 999.9
            DCN  27  0328.5N 121.9E  9999.9   16.8    231    3.5 1007.09999.9  13.4   1.0   6.3 999.9 999.9
            DCN  27  0428.5N 121.9E  9999.9   16.8    224    3.0 1006.19999.9  13.4   0.9   6.6 999.9 999.9
            DCN  27  0528.5N 121.9E  9999.9   16.9    225    3.0 1005.49999.9  13.4   1.0   6.3 999.9 999.9
            DCN  27  0628.5N 121.9E  9999.9   15.8      7    0.9 1004.69999.9  13.5   1.0   6.3 999.9 999.9
            DCN  27  0728.5N 121.9E  9999.9   15.5     32    0.6 1004.39999.9  13.6   1.1   6.4 999.9 999.9
            DCN  27  0828.5N 121.9E  9999.9   15.1    189    2.2 1004.19999.9  13.5   1.1   6.6 999.9 999.9
            DCN  27  0928.5N 121.9E  9999.9   15.6    201    3.0 1003.89999.9  13.4   1.0   6.9 999.9 999.9
            DCN  27  1028.5N 121.9E  9999.9   14.8    194    4.8 1004.39999.9  13.4   1.0   6.9 999.9 999.9
            DCN  27  1128.5N 121.9E  9999.9   15.3    194    4.0 1003.99999.9  13.4   0.9   6.8 999.9 999.9
            DCN  27  1228.5N 121.9E  9999.9   14.8    201    4.4 1004.29999.9  13.4   1.1   6.9 999.9 999.9
            DCN  27  1328.5N 121.9E  9999.9   14.4    211    5.9 1004.09999.9  13.6   0.9   6.8 999.9 999.9
            DCN  27  1428.5N 121.9E  9999.9   15.0    218    7.5 1003.39999.9  13.7   1.1   6.6 999.9 999.9
            DCN  27  1528.5N 121.9E  9999.9   15.1    220    8.0 1002.49999.9  13.8   1.1   6.8 999.9 999.9
            DCN  27  1628.5N 121.9E  9999.9   15.9    217    8.3 1001.29999.9  13.8   1.1   6.6 999.9 999.9
            DCN  27  1728.5N 121.9E  9999.9   15.7    211    6.7  999.99999.9  13.6   1.5   7.0 999.9 999.9
            DCN  27  1828.5N 121.9E  9999.9   14.5    196   10.5  999.29999.9  13.7   1.3   6.6 999.9 999.9
            DCN  27  1928.5N 121.9E  9999.9   14.3    202    9.3  999.19999.9  13.8   1.4   7.1 999.9 999.9
            DCN  27  2028.5N 121.9E  9999.9   14.1    201    5.7  999.69999.9  13.6   1.5   7.3 999.9 999.9
            DCN  27  2128.5N 121.9E  9999.9   13.8    202    3.9 1000.19999.9  13.6   1.2   7.1 999.9 999.9
            DCN  27  2228.5N 121.9E  9999.9   13.6    205    4.0 1000.19999.9  13.6   1.1   7.1 999.9 999.9
            DCN  27  2328.5N 121.9E  9999.9   13.6    210    2.6 1000.79999.9  13.6   1.2   7.5 999.9 999.9
            DCN  28  0028.5N 121.9E  9999.9   13.4    203    3.5 1001.19999.9  13.4   1.0   7.5 999.9 999.9
            DCN  28  0128.5N 121.9E  9999.9   13.7    116    1.8 1002.29999.9  13.5   1.1   7.5 999.9 999.9
            DCN  28  0228.5N 121.9E  9999.9   13.5    174    0.8 1002.29999.9  13.5   0.9   7.6 999.9 999.9
            DCN  28  0328.5N 121.9E  9999.9   15.2     79    5.1 1001.79999.9  13.5   1.0   7.3 999.9 999.9
            DCN  28  0428.5N 121.9E  9999.9   15.5     82    4.6 1001.79999.9  13.5   1.1   7.2 999.9 999.9
            DCN  28  0528.5N 121.9E  9999.9   15.7     65    6.3 1001.19999.9  13.7   1.1   7.2 999.9 999.9
            DCN  28  0628.5N 121.9E  9999.9   15.3     51    8.4 1000.69999.9  13.7   1.1   6.9 999.9 999.9
            DCN  28  0728.5N 121.9E  9999.9   14.6     49    8.2 1000.39999.9  13.8   1.1   7.0 999.9 999.9
            DCN  28  0828.5N 121.9E  9999.9   14.3     25    6.3 1001.29999.9  13.7   1.0   6.7 999.9 999.9
            DCN  28  0928.5N 121.9E  9999.9   13.9     46    9.2 1001.49999.9  13.6   1.0   6.7 999.9 999.9
            DCN  28  1028.5N 121.9E  9999.9   13.7     51    8.9 1001.99999.9  13.6   1.1   7.4 999.9 999.9
            DCN  28  1128.5N 121.9E  9999.9   13.6     48    4.6 1003.09999.9  13.7   0.9   7.0 999.9 999.9
            DCN  28  1228.5N 121.9E  9999.9   13.7     41    6.1 1002.79999.9  13.8   1.0   7.2 999.9 999.9
            DCN  28  1328.5N 121.9E  9999.9   14.1     40    3.9 1003.49999.9  14.4   0.9   6.9 999.9 999.9
            DCN  28  1428.5N 121.9E  9999.9   14.5     27    4.9 1003.49999.9  14.8   1.0   7.1 999.9 999.9
            DCN  28  1528.5N 121.9E  9999.9   16.3     20    4.3 1003.19999.9  14.9   0.8   6.6 999.9 999.9
            DCN  28  1628.5N 121.9E  9999.9   16.5     32    3.0 1002.69999.9  14.6   0.8   7.0 999.9 999.9
            DCN  28  1728.5N 121.9E  9999.9   16.6     34    3.0 1002.19999.9  14.5   0.9   6.8 999.9 999.9
            DCN  28  1828.5N 121.9E  9999.9   16.6     48    2.2 1001.69999.9  14.3   0.8   6.8 999.9 999.9
            DCN  28  1928.5N 121.9E  9999.9   16.6     51    2.1 1001.49999.9  14.3   0.8   6.7 999.9 999.9
            DCN  28  2028.5N 121.9E  9999.9   16.3     74    2.0 1001.29999.9  14.1   0.8   6.8 999.9 999.9
            DCN  28  2128.5N 121.9E  9999.9   15.0    106    2.8 1001.59999.9  13.9   0.8   6.9 999.9 999.9
            DCN  28  2228.5N 121.9E  9999.9   14.9    125    3.0 1002.19999.9  13.9   0.7   6.8 999.9 999.9
            DCN  28  2328.5N 121.9E  9999.9   14.9    142    3.1 1003.19999.9  13.8   0.7   6.9 999.9 999.9
            DCN  29  0028.5N 121.9E  9999.9   14.7    153    3.0 1003.79999.9  13.8   0.7   7.2 999.9 999.9
            DCN  29  0128.5N 121.9E  9999.9   14.7    154    2.5 1003.79999.9  13.7   0.7   7.2 999.9 999.9
            DCN  29  0228.5N 121.9E  9999.9   15.0    126    1.3 1003.79999.9  13.7   0.7   7.3 999.9 999.9
            DCN  29  0328.5N 121.9E  9999.9   15.3    156    1.2 1003.59999.9  13.7   0.7   7.0 999.9 999.9
            DCN  29  0428.5N 121.9E  9999.9   14.9    196    1.4 1003.29999.9  13.7   0.8   7.3 999.9 999.9
            DCN  29  0528.5N 121.9E  9999.9   14.0    227    1.2 1002.99999.9  13.7   0.7   6.8 999.9 999.9
            DCN  29  0628.5N 121.9E  9999.9   14.4    258    1.0 1002.89999.9  13.7   0.7   7.5 999.9 999.9
            DCN  29  0728.5N 121.9E  9999.9   15.1    197    2.1 1002.59999.9  13.7   0.7   7.3 999.9 999.9
            DCN  29  0828.5N 121.9E  9999.9   14.7    171    1.7 1002.59999.9  13.7   0.7   7.0 999.9 999.9
            DCN  29  0928.5N 121.9E  9999.9   14.8    204    2.0 1003.09999.9  13.7   0.7   7.1 999.9 999.9
            DCN  29  1028.5N 121.9E  9999.9   15.3    166    2.9 1003.39999.9  13.7   0.7   7.0 999.9 999.9
            DCN  29  1128.5N 121.9E  9999.9   15.6    144    1.1 1003.59999.9  13.8   0.7   7.5 999.9 999.9
            DCN  29  1228.5N 121.9E  9999.9   16.6    135    0.9 1003.69999.9  13.8   0.7   8.1 999.9 999.9
            DCN  29  1328.5N 121.9E  9999.9   17.3    168    2.8 1003.49999.9  13.9   0.7   7.6 999.9 999.9
            DCN  29  1428.5N 121.9E  9999.9   17.0    160    3.9 1002.79999.9  14.0   0.6   7.3 999.9 999.9
            DCN  29  1528.5N 121.9E  9999.9   17.6    158    3.4 1001.89999.9  14.2   0.6   7.4 999.9 999.9
            DCN  29  1628.5N 121.9E  9999.9   18.5    168    3.8 1000.89999.9  14.2   0.7   7.7 999.9 999.9
            DCN  29  1728.5N 121.9E  9999.9   18.0    152    3.0  999.89999.9  14.3   0.7   7.4 999.9 999.9
            DCN  29  1828.5N 121.9E  9999.9   16.9    157    3.4  999.29999.9  14.1   0.7   7.5 999.9 999.9
            DCN  29  1928.5N 121.9E  9999.9   16.6    146    2.3  998.79999.9  14.2   0.8   7.6 999.9 999.9
            DCN  29  2028.5N 121.9E  9999.9   15.6    147    2.4  998.69999.9  14.3   0.7   7.5 999.9 999.9
            DCN  29  2128.5N 121.9E  9999.9   16.1    137    2.8  998.79999.9  14.1   0.7   7.4 999.9 999.9
            DCN  29  2228.5N 121.9E  9999.9   16.5    135    1.4  999.19999.9  14.0   0.6   7.6 999.9 999.9
            DCN  29  2328.5N 121.9E  9999.9   17.1    131    1.9  999.49999.9  14.0   0.6   7.7 999.9 999.9
            DCN  30  0028.5N 121.9E  9999.9   16.8    125    1.0  999.89999.9  14.0   0.6   7.7 999.9 999.9
            DCN  30  0128.5N 121.9E  9999.9   16.5    207    0.3  999.79999.9  14.0   0.5   7.3 999.9 999.9
            DCN  30  0228.5N 121.9E  9999.9   16.7    145    1.6  999.49999.9  14.0   0.6   7.7 999.9 999.9
            DCN  30  0328.5N 121.9E  9999.9   16.3    238    1.1  999.39999.9  14.0   0.6   7.6 999.9 999.9
            DCN  30  0428.5N 121.9E  9999.9   16.6    187    2.3  998.59999.9  14.0   0.7   7.8 999.9 999.9
            DCN  30  0528.5N 121.9E  9999.9   16.6    178    1.8  997.89999.9  14.0   0.6   7.2 999.9 999.9
            DCN  30  0628.5N 121.9E  9999.9   16.3    175    2.2  996.59999.9  14.0   0.7   7.3 999.9 999.9
            DCN  30  0728.5N 121.9E  9999.9   16.7    240    4.9  997.79999.9  14.0   0.6   6.3 999.9 999.9
            DCN  30  0828.5N 121.9E  9999.9   16.0    181    2.8  997.89999.9  14.2   0.6   6.6 999.9 999.9
            DCN  30  0928.5N 121.9E  9999.9   16.2    153    8.1  996.19999.9  14.1   0.6   6.4 999.9 999.9
            DCN  30  1028.5N 121.9E  9999.9   15.9    274    3.7  998.59999.9  14.0   0.5   6.8 999.9 999.9
            DCN  30  1128.5N 121.9E  9999.9   17.0    294    2.6  999.89999.9  14.0   0.5   7.2 999.9 999.9
            DCN  30  1228.5N 121.9E  9999.9   16.9    306    2.5 1000.69999.9  14.0   0.6   7.9 999.9 999.9
            DCN  30  1328.5N 121.9E  9999.9   17.2      5    2.5 1000.79999.9  14.0   0.7   6.6 999.9 999.9
            DCN  30  1428.5N 121.9E  9999.9   15.2     20    7.8 1000.79999.9  14.1   0.8   5.2 999.9 999.9
            DCN  30  1528.5N 121.9E  9999.9   14.4     19   12.1 1000.79999.9  14.1   1.0   5.7 999.9 999.9
            DCN  30  1628.5N 121.9E  9999.9   14.5     23   13.5 1000.59999.9  14.1   1.0   5.2 999.9 999.9
            DCN  30  1728.5N 121.9E  9999.9   14.0     24   14.0  999.89999.9  14.1   1.0   5.0 999.9 999.9
            DCN  30  1828.5N 121.9E  9999.9   13.6     22   14.6 1000.29999.9  14.1   1.0   4.1 999.9 999.9
            DCN  30  1928.5N 121.9E  9999.9   13.6     18   13.4 1001.29999.9  14.1   1.1   6.0 999.9 999.9
            DCN  30  2028.5N 121.9E  9999.9   13.4     15   12.5 1001.99999.9  14.0   1.1   6.0 999.9 999.9
            DCN  30  2128.5N 121.9E  9999.9   13.7     26   10.7 1001.19999.9  14.0   1.4   6.1 999.9 999.9
            DCN  30  2228.5N 121.9E  9999.9   13.8     20   10.8 1002.09999.9  14.0   1.1   6.5 999.9 999.9
            DCN  30  2328.5N 121.9E  9999.9   14.2     15    9.1 1003.09999.9  14.0   0.8   6.4 999.9 999.9
            DCN  31  0028.5N 121.9E  9999.9   14.4     13    9.9 1003.89999.9  14.0   0.8   6.8 999.9 999.9
            DCN  31  0128.5N 121.9E  9999.9   14.5      4    6.7 1004.69999.9  14.0   0.7   7.0 999.9 999.9
            DCN  31  0228.5N 121.9E  9999.9   14.4      9    5.6 1003.99999.9  14.0   0.8   6.2 999.9 999.9
            DCN  31  0328.5N 121.9E  9999.9   14.0     61    8.6 1001.49999.9  14.0   0.8   6.6 999.9 999.9
            DCN  31  0428.5N 121.9E  9999.9   13.8     26    2.3 1001.79999.9  14.0   0.7   6.7 999.9 999.9
            DCN  31  0528.5N 121.9E  9999.9   14.3    288    1.3 1001.49999.9  14.0   0.7   6.4 999.9 999.9
            DCN  31  0628.5N 121.9E  9999.9   13.9    327    3.6 1001.39999.9  14.0   0.8   6.9 999.9 999.9
            DCN  31  0728.5N 121.9E  9999.9   14.0      1    1.6 1000.39999.9  14.0   0.9   6.7 999.9 999.9
            DCN  31  0828.5N 121.9E  9999.9   14.0     29    5.1 1000.79999.9  14.0   0.8   6.4 999.9 999.9
            DCN  31  0928.5N 121.9E  9999.9   13.9     30    4.4 1001.09999.9  14.0   0.8   5.9 999.9 999.9
            DCN  31  1028.5N 121.9E  9999.9   13.9     38    6.0 1001.09999.9  14.0   0.9   6.4 999.9 999.9
            DCN  31  1128.5N 121.9E  9999.9   13.8     27    9.0 1002.69999.9  14.0   0.8   5.9 999.9 999.9
            DCN  31  1228.5N 121.9E  9999.9   14.3     35   10.1 1002.29999.9  14.0   0.8   6.8 999.9 999.9
            DCN  31  1328.5N 121.9E  9999.9   14.1     11    8.7 1002.49999.9  14.1   0.7   7.5 999.9 999.9
            DCN  31  1428.5N 121.9E  9999.9   14.6     21    5.9 1002.19999.9  14.1   0.7   7.0 999.9 999.9
            DCN  31  1528.5N 121.9E  9999.9   15.2     82    3.9 1001.39999.9  14.1   0.8   6.5 999.9 999.9
            DCN  31  1628.5N 121.9E  9999.9   15.5    147    5.4 1000.09999.9  14.1   0.7   5.3 999.9 999.9
            DCN  31  1728.5N 121.9E  9999.9   15.6    170    7.1  998.49999.9  14.2   0.8   5.5 999.9 999.9
            DCN  31  1828.5N 121.9E  9999.9   16.2    193    7.1  996.89999.9  14.3   0.8   5.9 999.9 999.9
            DCN  31  1928.5N 121.9E  9999.9   16.9    213    5.5  997.69999.9  14.2   0.8   6.0 999.9 999.9
            DCN  31  2028.5N 121.9E  9999.9   16.4    230    7.8  999.39999.9  14.2   0.8   6.4 999.9 999.9
            DCN  31  2128.5N 121.9E  9999.9   15.9    201    8.6  997.99999.9  14.4   0.7   6.3 999.9 999.9
            DCN  31  2228.5N 121.9E  9999.9   16.1    204    8.3  997.79999.9  14.2   0.7   7.2 999.9 999.9
            DCN  31  2328.5N 121.9E  9999.9   15.3    276    3.2 1000.99999.9  14.2   0.7   6.9 999.9 999.9
