            XCS  01  0039.2N 122.7E  9999.9   20.9     90    1.8 1006.79999.9  23.2   0.7   2.9 999.9 999.9
            XCS  01  0139.2N 122.7E  9999.9   20.8     92    1.3 1007.89999.9  23.1   0.6   3.6 999.9 999.9
            XCS  01  0239.2N 122.7E  9999.9   20.3     80    5.3 1007.09999.9  22.9   0.6   4.2 999.9 999.9
            XCS  01  0339.2N 122.7E  9999.9   16.7     44   10.9 1007.09999.9  22.8   0.7   4.0 999.9 999.9
            XCS  01  0439.2N 122.7E  9999.9   16.7     38    7.8 1009.09999.9  22.6   0.9   3.6 999.9 999.9
            XCS  01  0539.2N 122.7E  9999.9   16.1     97    0.9 1009.09999.9  22.4   0.7   3.4 999.9 999.9
            XCS  01  0639.2N 122.7E  9999.9   17.1    124    5.8 1004.59999.9  22.6   0.6   3.3 999.9 999.9
            XCS  01  0739.2N 122.7E  9999.9   16.7    323    2.0 1006.69999.9  22.5   0.5   3.2 999.9 999.9
            XCS  01  0839.2N 122.7E  9999.9   17.1     41    0.7 1006.99999.9  22.4   0.4   3.4 999.9 999.9
            XCS  01  0939.2N 122.7E  9999.9   17.3     24    4.1 1007.19999.9  22.5   0.3   3.4 999.9 999.9
            XCS  01  1039.2N 122.7E  9999.9   18.0     35    4.4 1007.89999.9  22.6   0.3   3.5 999.9 999.9
            XCS  01  1139.2N 122.7E  9999.9   18.8     34    4.7 1008.19999.9  22.7   0.4   3.6 999.9 999.9
            XCS  01  1239.2N 122.7E  9999.9   18.8     36    4.4 1008.79999.9  22.9   0.3   3.6 999.9 999.9
            XCS  01  1339.2N 122.7E  9999.9   20.1     52    3.2 1008.49999.9  23.1   0.3   3.9 999.9 999.9
            XCS  01  1439.2N 122.7E  9999.9   21.1     46    1.8 1008.29999.9  23.3   0.3   4.0 999.9 999.9
            XCS  01  1539.2N 122.7E  9999.9   19.8     27    2.4 1008.29999.9  23.3   0.3   4.0 999.9 999.9
            XCS  01  1639.2N 122.7E  9999.9   20.9     45    2.8 1007.29999.9  23.2   0.4   4.2 999.9 999.9
            XCS  01  1739.2N 122.7E  9999.9   21.0     12    0.4 1006.79999.9  23.1   0.4   4.2 999.9 999.9
            XCS  01  1839.2N 122.7E  9999.9   20.6    199    0.6 1006.89999.9  23.0   0.4   4.3 999.9 999.9
            XCS  01  1939.2N 122.7E  9999.9   20.7    214    0.4 1006.69999.9  23.0   0.4   4.4 999.9 999.9
            XCS  01  2039.2N 122.7E  9999.9   19.8    227    0.5 1006.89999.9  22.8   0.4   4.4 999.9 999.9
            XCS  01  2139.2N 122.7E  9999.9   18.7    234    1.2 1007.39999.9  22.7   0.3   4.9 999.9 999.9
            XCS  01  2239.2N 122.7E  9999.9   18.9    327    1.0 1007.79999.9  22.7   0.3   4.8 999.9 999.9
            XCS  01  2339.2N 122.7E  9999.9   18.3    323    4.5 1008.49999.9  22.6   0.3   4.4 999.9 999.9
            XCS  02  0039.2N 122.7E  9999.9   17.2    330    5.2 1008.99999.9  22.6   0.3   4.6 999.9 999.9
            XCS  02  0139.2N 122.7E  9999.9   17.0    351    3.1 1009.69999.9  22.4   0.3   4.4 999.9 999.9
            XCS  02  0239.2N 122.7E  9999.9   16.8    347    4.1 1009.69999.9  22.2   0.3   4.3 999.9 999.9
            XCS  02  0339.2N 122.7E  9999.9   16.4    353    3.7 1009.89999.9  22.3   0.3   3.9 999.9 999.9
            XCS  02  0439.2N 122.7E  9999.9   16.0    345    5.0 1009.89999.9  22.3   0.3   3.7 999.9 999.9
            XCS  02  0539.2N 122.7E  9999.9   15.7     37    3.6 1009.29999.9  22.4   0.4   3.5 999.9 999.9
            XCS  02  0639.2N 122.7E  9999.9   15.9     24    2.4 1009.79999.9  22.4   0.3   3.5 999.9 999.9
            XCS  02  0739.2N 122.7E  9999.9   15.3    337    1.9 1010.29999.9  22.4   0.3   3.4 999.9 999.9
            XCS  02  0839.2N 122.7E  9999.9   15.1    343    2.8 1010.59999.9  22.4   0.3   3.7 999.9 999.9
            XCS  02  0939.2N 122.7E  9999.9   15.0     49    2.4 1010.59999.9  22.4   0.3   3.8 999.9 999.9
            XCS  02  1039.2N 122.7E  9999.9   16.5     54    4.2 1010.99999.9  22.5   0.3   3.8 999.9 999.9
            XCS  02  1139.2N 122.7E  9999.9   18.8     74    1.9 1011.49999.9  22.6   0.2   4.2 999.9 999.9
            XCS  02  1239.2N 122.7E  9999.9   19.8     89    1.0 1011.89999.9  22.8   0.3   3.8 999.9 999.9
            XCS  02  1339.2N 122.7E  9999.9   21.8    128    1.5 1012.09999.9  22.8   0.2   3.9 999.9 999.9
            XCS  02  1439.2N 122.7E  9999.9   22.1    145    1.0 1011.89999.9  22.8   0.2   3.9 999.9 999.9
            XCS  02  1539.2N 122.7E  9999.9   22.3    143    1.7 1011.39999.9  22.8   0.2   4.1 999.9 999.9
            XCS  02  1639.2N 122.7E  9999.9   22.2    143    1.7 1010.39999.9  22.8   0.2   3.9 999.9 999.9
            XCS  02  1739.2N 122.7E  9999.9   21.6    163    2.1 1010.09999.9  22.7   0.3   3.0 999.9 999.9
            XCS  02  1839.2N 122.7E  9999.9   21.0    155    1.8 1009.99999.9  22.7   0.3   2.8 999.9 999.9
            XCS  02  1939.2N 122.7E  9999.9   20.4    156    2.2 1009.99999.9  22.7   0.5   2.6 999.9 999.9
            XCS  02  2039.2N 122.7E  9999.9   20.4    149    2.2 1009.99999.9  22.7   0.6   3.0 999.9 999.9
            XCS  02  2139.2N 122.7E  9999.9   20.5    147    2.5 1009.59999.9  22.7   0.8   3.2 999.9 999.9
            XCS  02  2239.2N 122.7E  9999.9   21.1    170    3.9 1009.99999.9  22.7   0.8   3.5 999.9 999.9
            XCS  02  2339.2N 122.7E  9999.9   21.3    185    2.7 1009.89999.9  22.7   0.9   3.6 999.9 999.9
            XCS  03  0039.2N 122.7E  9999.9   21.5    187    2.8 1009.89999.9  22.7   1.0   3.9 999.9 999.9
            XCS  03  0139.2N 122.7E  9999.9   22.0    192    1.8 1010.09999.9  22.6   1.2   4.4 999.9 999.9
            XCS  03  0239.2N 122.7E  9999.9   22.1    206    1.1 1009.59999.9  22.6   1.2   4.3 999.9 999.9
            XCS  03  0339.2N 122.7E  9999.9   22.0    151    1.9 1009.19999.9  22.6   1.2   4.2 999.9 999.9
            XCS  03  0439.2N 122.7E  9999.9   21.9    187    2.8 1009.49999.9  22.6   1.2   4.8 999.9 999.9
            XCS  03  0539.2N 122.7E  9999.9   21.9    190    2.3 1009.69999.9  22.6   1.1   4.6 999.9 999.9
            XCS  03  0639.2N 122.7E  9999.9   21.8    167    1.9 1009.79999.9  22.5   1.0   4.8 999.9 999.9
            XCS  03  0739.2N 122.7E  9999.9   21.8    146    1.3 1009.59999.9  22.5   1.0   4.5 999.9 999.9
            XCS  03  0839.2N 122.7E  9999.9   21.8    181    1.3 1009.69999.9  22.5   1.0   4.4 999.9 999.9
            XCS  03  0939.2N 122.7E  9999.9   22.1    144    1.5 1010.79999.9  22.5   1.1   4.2 999.9 999.9
            XCS  03  1039.2N 122.7E  9999.9   22.0    202    1.5 1010.89999.9  22.5   1.5   4.4 999.9 999.9
            XCS  03  1139.2N 122.7E  9999.9   22.3    194    1.8 1010.79999.9  22.5   1.4   4.4 999.9 999.9
            XCS  03  1239.2N 122.7E  9999.9   22.6    155    3.0 1010.09999.9  22.6   1.4   4.4 999.9 999.9
            XCS  03  1339.2N 122.7E  9999.9   22.9    161    2.7 1010.89999.9  22.6   1.2   4.4 999.9 999.9
            XCS  03  1439.2N 122.7E  9999.9   23.1    162    2.9 1009.99999.9  22.6   1.2   4.1 999.9 999.9
            XCS  03  1539.2N 122.7E  9999.9   22.8    161    2.7 1009.89999.9  22.6   1.4   4.4 999.9 999.9
            XCS  03  1639.2N 122.7E  9999.9   22.9    155    2.3 1009.19999.9  22.6   1.4   4.8 999.9 999.9
            XCS  03  1739.2N 122.7E  9999.9   22.8    155    2.7 1009.39999.9  22.6   1.3   4.9 999.9 999.9
            XCS  03  1839.2N 122.7E  9999.9   23.0    176    2.1 1009.59999.9  22.6   1.3   4.5 999.9 999.9
            XCS  03  1939.2N 122.7E  9999.9   22.9    193    1.4 1010.29999.9  22.6   1.3   4.7 999.9 999.9
            XCS  03  2039.2N 122.7E  9999.9   22.6    158    2.0 1010.89999.9  22.6   1.2   4.8 999.9 999.9
            XCS  03  2139.2N 122.7E  9999.9   22.4    186    2.6 1010.59999.9  22.6   1.3   4.7 999.9 999.9
            XCS  03  2239.2N 122.7E  9999.9   22.5    172    1.6 1010.69999.9  22.6   1.1   4.6 999.9 999.9
            XCS  03  2339.2N 122.7E  9999.9   22.4    200    1.5 1010.19999.9  22.6   1.1   5.1 999.9 999.9
            XCS  04  0039.2N 122.7E  9999.9   22.2    183    2.6 1010.59999.9  22.6   1.1   4.8 999.9 999.9
            XCS  04  0139.2N 122.7E  9999.9   21.8    162    2.2 1010.19999.9  22.6   1.1   5.2 999.9 999.9
            XCS  04  0239.2N 122.7E  9999.9   22.2    161    1.5 1010.19999.9  22.5   1.1   5.0 999.9 999.9
            XCS  04  0339.2N 122.7E  9999.9   22.2    163    1.2 1010.29999.9  22.5   1.0   5.0 999.9 999.9
            XCS  04  0439.2N 122.7E  9999.9   22.0    192    2.1 1010.49999.9  22.5   1.0   5.1 999.9 999.9
            XCS  04  0539.2N 122.7E  9999.9   21.7    185    1.8 1010.39999.9  22.4   0.9   5.0 999.9 999.9
            XCS  04  0639.2N 122.7E  9999.9   21.8    231    2.8 1010.19999.9  22.3   0.9   5.1 999.9 999.9
            XCS  04  0739.2N 122.7E  9999.9   21.1     15    3.5 1010.09999.9  22.3   0.8   5.6 999.9 999.9
            XCS  04  0839.2N 122.7E  9999.9   20.6     18    4.5 1010.39999.9  22.4   0.7   6.0 999.9 999.9
            XCS  04  0939.2N 122.7E  9999.9   20.1     22    8.5 1011.29999.9  22.3   0.8   5.7 999.9 999.9
            XCS  04  1039.2N 122.7E  9999.9   20.1     33    8.7 1011.89999.9  22.4   0.7   5.6 999.9 999.9
            XCS  04  1139.2N 122.7E  9999.9   19.1    357    5.7 1013.39999.9  22.4   0.6   6.3 999.9 999.9
            XCS  04  1239.2N 122.7E  9999.9   19.0    335    4.6 1014.19999.9  22.4   0.5   5.8 999.9 999.9
            XCS  04  1339.2N 122.7E  9999.9   19.1    321    5.6 1015.19999.9  22.5   0.6   5.6 999.9 999.9
            XCS  04  1439.2N 122.7E  9999.9   19.6    340    3.8 1015.09999.9  22.4   0.6   5.6 999.9 999.9
            XCS  04  1539.2N 122.7E  9999.9   19.1    319    7.4 1015.89999.9  22.3   0.6   5.5 999.9 999.9
            XCS  04  1639.2N 122.7E  9999.9   18.6    320    5.0 1015.69999.9  22.3   0.6   5.0 999.9 999.9
            XCS  04  1739.2N 122.7E  9999.9   18.4    336    4.5 1015.79999.9  22.3   0.5   5.5 999.9 999.9
            XCS  04  1839.2N 122.7E  9999.9   18.1    335    4.8 1016.59999.9  22.4   0.6   5.7 999.9 999.9
            XCS  04  1939.2N 122.7E  9999.9   17.3    337    4.9 1016.89999.9  22.3   0.5   5.8 999.9 999.9
            XCS  04  2039.2N 122.7E  9999.9   17.0    342    3.9 1017.19999.9  22.3   0.5   5.5 999.9 999.9
            XCS  04  2139.2N 122.7E  9999.9   16.6    346    4.7 1017.89999.9  22.2   0.5   5.6 999.9 999.9
            XCS  04  2239.2N 122.7E  9999.9   16.4     14    6.6 1018.49999.9  22.2   0.5   5.9 999.9 999.9
            XCS  04  2339.2N 122.7E  9999.9   15.6    321    6.0 1019.59999.9  22.1   0.4   5.7 999.9 999.9
            XCS  05  0039.2N 122.7E  9999.9   15.7      2    6.0 1019.29999.9  22.1   0.4   6.0 999.9 999.9
            XCS  05  0139.2N 122.7E  9999.9   15.7     20    6.9 1018.79999.9  22.1   0.5   5.2 999.9 999.9
            XCS  05  0239.2N 122.7E  9999.9   15.6     19    6.8 1018.69999.9  22.1   0.5   5.7 999.9 999.9
            XCS  05  0339.2N 122.7E  9999.9   16.1     23    5.7 1018.09999.9  22.0   0.5   5.4 999.9 999.9
            XCS  05  0439.2N 122.7E  9999.9   14.9    326    5.4 1019.59999.9  21.9   0.6   5.1 999.9 999.9
            XCS  05  0539.2N 122.7E  9999.9   13.7    322    6.1 1019.89999.9  21.9   0.7   4.7 999.9 999.9
            XCS  05  0639.2N 122.7E  9999.9   13.6     12    5.9 1018.79999.9  21.8   0.8   4.7 999.9 999.9
            XCS  05  0739.2N 122.7E  9999.9   14.1     21   10.3 1018.39999.9  21.7   0.6   4.5 999.9 999.9
            XCS  05  0839.2N 122.7E  9999.9   13.8     19    9.3 1018.99999.9  21.7   0.6   4.7 999.9 999.9
            XCS  05  0939.2N 122.7E  9999.9   12.4    349    4.0 1020.29999.9  21.7   0.5   5.2 999.9 999.9
            XCS  05  1039.2N 122.7E  9999.9   12.6    328    3.2 1019.99999.9  21.7   0.4   4.7 999.9 999.9
            XCS  05  1139.2N 122.7E  9999.9   13.1    318    3.2 1020.89999.9  21.7   0.3   5.2 999.9 999.9
            XCS  05  1239.2N 122.7E  9999.9   14.1    316    2.9 1020.89999.9  21.7   0.3   5.7 999.9 999.9
            XCS  05  1339.2N 122.7E  9999.9   15.3    319    4.4 1021.29999.9  21.7   0.3   5.7 999.9 999.9
            XCS  05  1439.2N 122.7E  9999.9   16.4    349    3.5 1021.59999.9  21.7   0.4   5.5 999.9 999.9
            XCS  05  1539.2N 122.7E  9999.9   16.3    346    3.1 1020.69999.9  21.7   0.4   5.5 999.9 999.9
            XCS  05  1639.2N 122.7E  9999.9   16.7    318    3.0 1020.49999.9  21.6   0.5   5.1 999.9 999.9
            XCS  05  1739.2N 122.7E  9999.9   16.4      8    3.4 1020.29999.9  21.6   0.5   4.8 999.9 999.9
            XCS  05  1839.2N 122.7E  9999.9   15.8    333    4.3 1021.19999.9  21.5   0.6   4.4 999.9 999.9
            XCS  05  1939.2N 122.7E  9999.9   15.5    342    4.2 1021.09999.9  21.5   0.7   4.3 999.9 999.9
            XCS  05  2039.2N 122.7E  9999.9   15.6     10    4.8 1020.99999.9  21.5   0.7   4.2 999.9 999.9
            XCS  05  2139.2N 122.7E  9999.9   15.4     19    6.5 1020.99999.9  21.5   0.7   4.4 999.9 999.9
            XCS  05  2239.2N 122.7E  9999.9   15.3     16    6.6 1021.49999.9  21.5   0.7   4.7 999.9 999.9
            XCS  05  2339.2N 122.7E  9999.9   15.8     26    6.8 1022.09999.9  21.4   0.5   4.4 999.9 999.9
            XCS  06  0039.2N 122.7E  9999.9   15.8     20    7.8 1022.29999.9  21.4   0.5   4.5 999.9 999.9
            XCS  06  0139.2N 122.7E  9999.9   16.0     34    7.1 1022.09999.9  21.3   0.7   4.3 999.9 999.9
            XCS  06  0239.2N 122.7E  9999.9   16.0     37    7.2 1021.19999.9  21.2   1.0   4.8 999.9 999.9
            XCS  06  0339.2N 122.7E  9999.9   16.0     31    6.7 1021.49999.9  21.2   0.9   4.9 999.9 999.9
            XCS  06  0439.2N 122.7E  9999.9   15.9     34    7.6 1021.89999.9  21.1   0.9   4.9 999.9 999.9
            XCS  06  0539.2N 122.7E  9999.9   15.9     26    8.8 1021.59999.9  21.0   1.0   5.3 999.9 999.9
            XCS  06  0639.2N 122.7E  9999.9   14.6     43    5.8 1021.89999.9  20.9   1.1   5.2 999.9 999.9
            XCS  06  0739.2N 122.7E  9999.9   13.2     49    6.3 1021.39999.9  20.8   1.0   5.0 999.9 999.9
            XCS  06  0839.2N 122.7E  9999.9   13.0     46    5.3 1021.19999.9  20.8   0.9   4.8 999.9 999.9
            XCS  06  0939.2N 122.7E  9999.9   13.2     57    5.2 1020.49999.9  20.8   0.8   4.6 999.9 999.9
            XCS  06  1039.2N 122.7E  9999.9   13.8     43    6.4 1020.39999.9  20.8   0.6   4.7 999.9 999.9
            XCS  06  1139.2N 122.7E  9999.9   13.3     34    6.1 1020.49999.9  20.8   0.5   4.7 999.9 999.9
            XCS  06  1239.2N 122.7E  9999.9   13.0     54    3.9 1020.69999.9  20.7   0.4   4.5 999.9 999.9
            XCS  06  1339.2N 122.7E  9999.9   12.8     16    4.4 1020.59999.9  20.7   0.4   4.8 999.9 999.9
            XCS  06  1439.2N 122.7E  9999.9   12.3      6    4.1 1019.49999.9  20.6   0.4   4.5 999.9 999.9
            XCS  06  1539.2N 122.7E  9999.9   12.4     19    6.8 1018.29999.9  20.5   0.4   4.9 999.9 999.9
            XCS  06  1639.2N 122.7E  9999.9   12.5     15    5.2 1017.29999.9  20.4   0.5   4.8 999.9 999.9
            XCS  06  1739.2N 122.7E  9999.9   12.9    359    4.5 1016.79999.9  20.5   0.4   4.7 999.9 999.9
            XCS  06  1839.2N 122.7E  9999.9   12.9      2    3.1 1016.29999.9  20.4   0.5   4.5 999.9 999.9
            XCS  06  1939.2N 122.7E  9999.9   12.3    315    4.7 1016.79999.9  20.5   0.5   4.7 999.9 999.9
            XCS  06  2039.2N 122.7E  9999.9   12.2    317    4.4 1016.29999.9  20.5   0.6   4.5 999.9 999.9
            XCS  06  2139.2N 122.7E  9999.9   12.9      3    2.1 1015.59999.9  20.6   0.6   4.4 999.9 999.9
            XCS  06  2239.2N 122.7E  9999.9   13.1    319    2.8 1015.69999.9  20.5   0.5   4.6 999.9 999.9
            XCS  06  2339.2N 122.7E  9999.9   13.2    298    3.1 1015.79999.9  20.5   0.4   4.4 999.9 999.9
            XCS  07  0039.2N 122.7E  9999.9   13.1    298    3.2 1016.09999.9  20.4   0.3   4.7 999.9 999.9
            XCS  07  0139.2N 122.7E  9999.9   12.7    300    3.1 1015.99999.9  20.4   0.3   4.5 999.9 999.9
            XCS  07  0239.2N 122.7E  9999.9   12.4    301    2.7 1015.39999.9  20.4   0.3   4.5 999.9 999.9
            XCS  07  0339.2N 122.7E  9999.9   11.9    306    4.5 1015.39999.9  20.4   0.3   5.1 999.9 999.9
            XCS  07  0439.2N 122.7E  9999.9   12.1    315    4.4 1015.39999.9  20.3   0.3   4.8 999.9 999.9
            XCS  07  0539.2N 122.7E  9999.9   11.6    318    6.1 1015.09999.9  20.2   0.3   4.6 999.9 999.9
            XCS  07  0639.2N 122.7E  9999.9   11.6    314    5.8 1015.19999.9  20.2   0.3   4.7 999.9 999.9
            XCS  07  0739.2N 122.7E  9999.9   11.6    313    6.1 1015.49999.9  20.3   0.3   4.4 999.9 999.9
            XCS  07  0839.2N 122.7E  9999.9   11.6    315    6.3 1015.69999.9  20.3   0.3   4.7 999.9 999.9
            XCS  07  0939.2N 122.7E  9999.9   11.7    321    6.3 1015.89999.9  20.5   0.2   4.6 999.9 999.9
            XCS  07  1039.2N 122.7E  9999.9   11.9    320    7.1 1016.29999.9  20.5   0.2   4.8 999.9 999.9
            XCS  07  1139.2N 122.7E  9999.9   12.6    324    4.1 1016.49999.9  20.6   0.2   4.8 999.9 999.9
            XCS  07  1239.2N 122.7E  9999.9   14.2    329    4.8 1016.89999.9  20.7   0.2   4.3 999.9 999.9
            XCS  07  1339.2N 122.7E  9999.9   15.1    347    3.8 1017.49999.9  20.9   0.2   4.4 999.9 999.9
            XCS  07  1439.2N 122.7E  9999.9   15.6    353    4.7 1016.39999.9  20.9   0.2   4.0 999.9 999.9
            XCS  07  1539.2N 122.7E  9999.9   16.7     23    3.7 1015.89999.9  21.0   0.2   4.1 999.9 999.9
            XCS  07  1639.2N 122.7E  9999.9   18.0     35    0.8 1016.09999.9  20.9   0.2   3.8 999.9 999.9
            XCS  07  1739.2N 122.7E  9999.9   17.7     32    1.1 1015.79999.9  20.9   0.2   4.2 999.9 999.9
            XCS  07  1839.2N 122.7E  9999.9   17.6    353    1.7 1015.39999.9  20.9   0.2   3.9 999.9 999.9
            XCS  07  1939.2N 122.7E  9999.9   17.3     95    0.5 1015.69999.9  20.8   0.2   4.0 999.9 999.9
            XCS  07  2039.2N 122.7E  9999.9   16.3    323    1.1 1016.09999.9  20.7   0.2   4.4 999.9 999.9
            XCS  07  2139.2N 122.7E  9999.9   15.7     87    0.6 1016.79999.9  20.7   0.3   4.3 999.9 999.9
            XCS  07  2239.2N 122.7E  9999.9   15.6     68    0.1 1017.39999.9  20.7   0.2   4.5 999.9 999.9
            XCS  07  2339.2N 122.7E  9999.9   15.4     40    1.0 1017.49999.9  20.7   0.2   4.5 999.9 999.9
            XCS  08  0039.2N 122.7E  9999.9   16.7     46    4.3 1017.89999.9  20.6   0.2   4.1 999.9 999.9
            XCS  08  0139.2N 122.7E  9999.9   16.7     43    5.8 1017.89999.9  20.6   0.2   3.8 999.9 999.9
            XCS  08  0239.2N 122.7E  9999.9   16.4     36    5.5 1017.99999.9  20.6   0.3   3.8 999.9 999.9
            XCS  08  0339.2N 122.7E  9999.9   16.1     41    5.0 1017.99999.9  20.6   0.3   4.0 999.9 999.9
            XCS  08  0439.2N 122.7E  9999.9   15.8     57    4.2 1017.89999.9  20.5   0.3   4.3 999.9 999.9
            XCS  08  0539.2N 122.7E  9999.9   15.8     48    3.3 1017.99999.9  20.4   0.3   4.3 999.9 999.9
            XCS  08  0639.2N 122.7E  9999.9   15.7     14    4.0 1018.09999.9  20.4   0.4   4.4 999.9 999.9
            XCS  08  0739.2N 122.7E  9999.9   15.5     13    4.4 1018.29999.9  20.4   0.4   4.0 999.9 999.9
            XCS  08  0839.2N 122.7E  9999.9   15.4     22    4.0 1018.49999.9  20.4   0.3   3.8 999.9 999.9
            XCS  08  0939.2N 122.7E  9999.9   15.3     39    4.4 1018.59999.9  20.5   0.3   3.7 999.9 999.9
            XCS  08  1039.2N 122.7E  9999.9   15.6     34    4.4 1018.89999.9  20.5   0.3   3.5 999.9 999.9
            XCS  08  1139.2N 122.7E  9999.9   16.0     46    2.9 1019.39999.9  20.6   0.3   3.7 999.9 999.9
            XCS  08  1239.2N 122.7E  9999.9   16.6     33    4.9 1019.89999.9  20.7   0.2   3.9 999.9 999.9
            XCS  08  1339.2N 122.7E  9999.9   16.6     21    4.3 1020.09999.9  20.8   0.2   3.8 999.9 999.9
            XCS  08  1439.2N 122.7E  9999.9   17.3     48    3.0 1020.39999.9  20.8   0.2   3.9 999.9 999.9
            XCS  08  1539.2N 122.7E  9999.9   17.9     71    1.8 1019.59999.9  20.9   0.2   4.0 999.9 999.9
            XCS  08  1639.2N 122.7E  9999.9   18.3     40    3.2 1018.79999.9  20.8   0.2   3.9 999.9 999.9
            XCS  08  1739.2N 122.7E  9999.9   19.2     72    1.0 1019.59999.9  20.8   0.3   4.2 999.9 999.9
            XCS  08  1839.2N 122.7E  9999.9   19.4     73    2.1 1018.99999.9  20.8   0.3   3.9 999.9 999.9
            XCS  08  1939.2N 122.7E  9999.9   18.2     86    1.6 1018.99999.9  20.8   0.3   3.8 999.9 999.9
            XCS  08  2039.2N 122.7E  9999.9   17.3     84    1.0 1019.09999.9  20.8   0.3   3.4 999.9 999.9
            XCS  08  2139.2N 122.7E  9999.9   16.7     58    2.5 1019.49999.9  20.7   0.3   3.3 999.9 999.9
            XCS  08  2239.2N 122.7E  9999.9   16.3     65    2.5 1019.89999.9  20.7   0.3   3.0 999.9 999.9
            XCS  08  2339.2N 122.7E  9999.9   16.3     76    1.8 1019.89999.9  20.7   0.3   3.2 999.9 999.9
            XCS  09  0039.2N 122.7E  9999.9   16.7    100    2.5 1019.89999.9  20.7   0.2   3.3 999.9 999.9
            XCS  09  0139.2N 122.7E  9999.9   17.7     96    2.1 1019.69999.9  20.7   0.2   3.5 999.9 999.9
            XCS  09  0239.2N 122.7E  9999.9   17.8    121    2.0 1019.89999.9  20.7   0.2   3.3 999.9 999.9
            XCS  09  0339.2N 122.7E  9999.9   18.3    136    1.8 1019.69999.9  20.7   0.2   3.6 999.9 999.9
            XCS  09  0439.2N 122.7E  9999.9   18.4    155    1.6 1019.69999.9  20.6   0.2   3.4 999.9 999.9
            XCS  09  0539.2N 122.7E  9999.9   18.6    167    1.8 1019.79999.9  20.6   0.3   3.2 999.9 999.9
            XCS  09  0639.2N 122.7E  9999.9   18.7    252    0.3 1019.69999.9  20.6   0.3   3.5 999.9 999.9
            XCS  09  0739.2N 122.7E  9999.9   18.9    170    0.7 1019.49999.9  20.4   0.3   3.4 999.9 999.9
            XCS  09  0839.2N 122.7E  9999.9   19.0    179    0.5 1019.59999.9  20.5   0.3   3.7 999.9 999.9
            XCS  09  0939.2N 122.7E  9999.9   18.5    144    0.3 1019.39999.9  20.5   0.3   3.3 999.9 999.9
            XCS  09  1039.2N 122.7E  9999.9   18.3    209    0.4 1019.59999.9  20.6   0.3   3.1 999.9 999.9
            XCS  09  1139.2N 122.7E  9999.9   18.4    275    0.2 1019.79999.9  20.6   0.5   3.0 999.9 999.9
            XCS  09  1239.2N 122.7E  9999.9   18.6    171    0.2 1019.69999.9  20.7   0.5   2.8 999.9 999.9
            XCS  09  1339.2N 122.7E  9999.9   18.8    180    0.9 1019.39999.9  20.7   0.7   3.1 999.9 999.9
            XCS  09  1439.2N 122.7E  9999.9   19.8    179    2.8 1018.69999.9  20.7   0.8   3.4 999.9 999.9
            XCS  09  1539.2N 122.7E  9999.9   20.6    177    2.7 1017.79999.9  20.7   0.8   3.8 999.9 999.9
            XCS  09  1639.2N 122.7E  9999.9   20.4    146    1.6 1016.79999.9  20.8   0.9   4.2 999.9 999.9
            XCS  09  1739.2N 122.7E  9999.9   21.7    230    0.6 1015.79999.9  20.8   0.8   4.0 999.9 999.9
            XCS  09  1839.2N 122.7E  9999.9   20.8    179    2.9 1015.39999.9  20.8   0.9   3.7 999.9 999.9
            XCS  09  1939.2N 122.7E  9999.9   21.1    180    3.2 1014.99999.9  20.8   1.1   4.0 999.9 999.9
            XCS  09  2039.2N 122.7E  9999.9   21.0    211    1.2 1014.59999.9  20.8   1.0   3.8 999.9 999.9
            XCS  09  2139.2N 122.7E  9999.9   21.1    151    2.2 1014.19999.9  20.9   1.1   3.8 999.9 999.9
            XCS  09  2239.2N 122.7E  9999.9   21.1    153    2.4 1014.19999.9  20.8   0.8   4.1 999.9 999.9
            XCS  09  2339.2N 122.7E  9999.9   21.0    191    4.4 1014.39999.9  20.8   0.8   4.3 999.9 999.9
            XCS  10  0039.2N 122.7E  9999.9   20.9    234    6.5 1014.49999.9  20.8   0.8   4.5 999.9 999.9
            XCS  10  0139.2N 122.7E  9999.9   19.3    284    4.0 1014.79999.9  20.8   0.6   4.4 999.9 999.9
            XCS  10  0239.2N 122.7E  9999.9   18.8    274    2.3 1015.09999.9  20.8   0.7   4.4 999.9 999.9
            XCS  10  0339.2N 122.7E  9999.9   18.2    286    4.1 1015.09999.9  20.8   0.5   4.6 999.9 999.9
            XCS  10  0439.2N 122.7E  9999.9   17.9    291    6.5 1015.09999.9  20.8   0.5   4.5 999.9 999.9
            XCS  10  0539.2N 122.7E  9999.9   17.8    295    5.2 1014.89999.9  20.8   0.4   4.5 999.9 999.9
            XCS  10  0639.2N 122.7E  9999.9   17.3    295    4.8 1014.89999.9  20.7   0.4   4.5 999.9 999.9
            XCS  10  0739.2N 122.7E  9999.9   17.2    306    5.6 1015.19999.9  20.7   0.4   4.4 999.9 999.9
            XCS  10  0839.2N 122.7E  9999.9   17.3    306    3.8 1016.09999.9  20.6   0.4   4.5 999.9 999.9
            XCS  10  0939.2N 122.7E  9999.9   17.1    312    7.8 1016.79999.9  20.6   0.4   4.8 999.9 999.9
            XCS  10  1039.2N 122.7E  9999.9   17.3    328    6.7 1017.59999.9  20.6   0.4   4.9 999.9 999.9
            XCS  10  1139.2N 122.7E  9999.9   16.7    320    9.3 1018.39999.9  20.6   0.4   5.3 999.9 999.9
            XCS  10  1239.2N 122.7E  9999.9   16.3    343    5.9 1018.09999.9  20.6   0.4   5.6 999.9 999.9
            XCS  10  1339.2N 122.7E  9999.9   15.9    323    6.8 1019.19999.9  20.6   0.3   5.7 999.9 999.9
            XCS  10  1439.2N 122.7E  9999.9   15.3    332    7.4 1019.29999.9  20.6   0.3   5.9 999.9 999.9
            XCS  10  1539.2N 122.7E  9999.9   14.7    325    6.4 1019.19999.9  20.5   0.3   5.3 999.9 999.9
            XCS  10  1639.2N 122.7E  9999.9   14.6    327    5.5 1019.09999.9  20.5   0.3   4.5 999.9 999.9
            XCS  10  1739.2N 122.7E  9999.9   14.4    329    7.0 1018.99999.9  20.5   0.3   4.6 999.9 999.9
            XCS  10  1839.2N 122.7E  9999.9   14.4    316    6.5 1018.99999.9  20.4   0.3   4.4 999.9 999.9
            XCS  10  1939.2N 122.7E  9999.9   14.3    315    6.7 1019.89999.9  20.3   0.3   5.4 999.9 999.9
            XCS  10  2039.2N 122.7E  9999.9   14.1    314    6.5 1020.39999.9  20.3   0.3   4.8 999.9 999.9
            XCS  10  2139.2N 122.7E  9999.9   14.3    318    6.7 1020.59999.9  20.2   0.3   4.9 999.9 999.9
            XCS  10  2239.2N 122.7E  9999.9   14.7    320    6.3 1020.79999.9  20.1   0.3   4.7 999.9 999.9
            XCS  10  2339.2N 122.7E  9999.9   14.5    342    5.5 1021.89999.9  20.1   0.3   4.5 999.9 999.9
            XCS  11  0039.2N 122.7E  9999.9   14.3    347    5.3 1021.89999.9  20.0   0.3   4.7 999.9 999.9
            XCS  11  0139.2N 122.7E  9999.9   14.1    325    4.3 1022.79999.9  20.0   0.2   5.1 999.9 999.9
            XCS  11  0239.2N 122.7E  9999.9   14.0    314    5.2 1022.79999.9  20.0   0.2   5.0 999.9 999.9
            XCS  11  0339.2N 122.7E  9999.9   14.3    327    4.7 1022.59999.9  20.0   0.2   5.0 999.9 999.9
            XCS  11  0439.2N 122.7E  9999.9   14.2    345    4.2 1023.19999.9  20.0   0.2   5.1 999.9 999.9
            XCS  11  0539.2N 122.7E  9999.9   13.6    328    4.1 1022.99999.9  19.9   0.2   4.8 999.9 999.9
            XCS  11  0639.2N 122.7E  9999.9   13.2    324    3.7 1022.89999.9  19.9   0.2   4.7 999.9 999.9
            XCS  11  0739.2N 122.7E  9999.9   13.2    317    3.3 1023.09999.9  19.8   0.2   4.8 999.9 999.9
            XCS  11  0839.2N 122.7E  9999.9   13.1    318    3.4 1023.39999.9  19.8   0.3   5.1 999.9 999.9
            XCS  11  0939.2N 122.7E  9999.9   12.9    320    3.9 1023.79999.9  19.8   0.3   4.6 999.9 999.9
            XCS  11  1039.2N 122.7E  9999.9   13.7    339    3.9 1024.09999.9  19.8   0.3   4.1 999.9 999.9
            XCS  11  1139.2N 122.7E  9999.9   14.1    319    4.7 1024.49999.9  19.9   0.3   4.1 999.9 999.9
            XCS  11  1239.2N 122.7E  9999.9   14.9    349    3.2 1024.59999.9  20.0   0.3   4.4 999.9 999.9
            XCS  11  1339.2N 122.7E  9999.9   15.4     16    5.0 1024.39999.9  20.1   0.3   4.2 999.9 999.9
            XCS  11  1439.2N 122.7E  9999.9   15.3    332    2.7 1023.99999.9  20.2   0.3   4.4 999.9 999.9
            XCS  11  1539.2N 122.7E  9999.9   15.8     19    3.3 1023.49999.9  20.2   0.3   5.0 999.9 999.9
            XCS  11  1639.2N 122.7E  9999.9   16.7      1    2.1 1022.69999.9  20.2   0.2   5.3 999.9 999.9
            XCS  11  1739.2N 122.7E  9999.9   16.9    356    2.4 1022.09999.9  20.0   0.2   5.1 999.9 999.9
            XCS  11  1839.2N 122.7E  9999.9   17.2      6    2.7 1022.19999.9  20.0   0.3   5.0 999.9 999.9
            XCS  11  1939.2N 122.7E  9999.9   16.9    333    1.7 1022.19999.9  19.9   0.2   4.9 999.9 999.9
            XCS  11  2039.2N 122.7E  9999.9   15.8    321    2.8 1022.19999.9  19.8   0.2   5.0 999.9 999.9
            XCS  11  2139.2N 122.7E  9999.9   15.4    320    3.3 1022.39999.9  19.7   0.2   4.7 999.9 999.9
            XCS  11  2239.2N 122.7E  9999.9   15.2    348    3.7 1022.69999.9  19.7   0.3   4.8 999.9 999.9
            XCS  11  2339.2N 122.7E  9999.9   14.3    322    2.9 1022.99999.9  19.7   0.2   4.3 999.9 999.9
            XCS  12  0039.2N 122.7E  9999.9   15.3     28    5.1 1023.29999.9  19.7   0.2   4.0 999.9 999.9
            XCS  12  0139.2N 122.7E  9999.9   14.7     20    4.8 1023.39999.9  19.7   0.3   4.0 999.9 999.9
            XCS  12  0239.2N 122.7E  9999.9   14.5     20    4.9 1023.19999.9  19.7   0.3   4.1 999.9 999.9
            XCS  12  0339.2N 122.7E  9999.9   14.1     16    4.4 1022.79999.9  19.6   0.3   3.7 999.9 999.9
            XCS  12  0439.2N 122.7E  9999.9   14.3     21    4.7 1022.99999.9  19.6   0.3   4.0 999.9 999.9
            XCS  12  0539.2N 122.7E  9999.9   14.1     30    4.9 1023.09999.9  19.6   0.2   4.1 999.9 999.9
            XCS  12  0639.2N 122.7E  9999.9   13.9     20    5.5 1023.19999.9  19.5   0.3   4.0 999.9 999.9
            XCS  12  0739.2N 122.7E  9999.9   13.6     21    4.7 1023.49999.9  19.5   0.3   3.8 999.9 999.9
            XCS  12  0839.2N 122.7E  9999.9   13.6     23    4.7 1023.99999.9  19.5   0.3   3.7 999.9 999.9
            XCS  12  0939.2N 122.7E  9999.9   13.8     22    4.6 1024.19999.9  19.5   0.4   3.8 999.9 999.9
            XCS  12  1039.2N 122.7E  9999.9   14.5     57    4.1 1024.49999.9  19.5   0.6   3.8 999.9 999.9
            XCS  12  1139.2N 122.7E  9999.9   15.7     45    4.1 1024.99999.9  19.7   0.6   3.9 999.9 999.9
            XCS  12  1239.2N 122.7E  9999.9   16.3     38    4.8 1025.49999.9  19.9   0.6   4.1 999.9 999.9
            XCS  12  1339.2N 122.7E  9999.9   18.1     78    2.2 1025.29999.9  20.0   0.5   3.7 999.9 999.9
            XCS  12  1439.2N 122.7E  9999.9   17.5     47    4.5 1024.89999.9  20.1   0.5   3.8 999.9 999.9
            XCS  12  1539.2N 122.7E  9999.9   18.5     65    3.1 1024.49999.9  20.1   0.4   4.0 999.9 999.9
            XCS  12  1639.2N 122.7E  9999.9   18.4     47    3.9 1023.99999.9  20.1   0.4   3.9 999.9 999.9
            XCS  12  1739.2N 122.7E  9999.9   18.4     56    3.2 1023.59999.9  20.0   0.4   4.3 999.9 999.9
            XCS  12  1839.2N 122.7E  9999.9   18.4     83    2.1 1023.59999.9  20.0   0.4   4.1 999.9 999.9
            XCS  12  1939.2N 122.7E  9999.9   17.5     90    1.6 1023.79999.9  20.0   0.5   4.4 999.9 999.9
            XCS  12  2039.2N 122.7E  9999.9   16.7     87    1.8 1024.09999.9  19.9   0.5   4.2 999.9 999.9
            XCS  12  2139.2N 122.7E  9999.9   16.1     96    1.1 1024.19999.9  19.8   0.5   4.1 999.9 999.9
            XCS  12  2239.2N 122.7E  9999.9   15.7     67    2.2 1024.49999.9  19.8   0.4   4.1 999.9 999.9
            XCS  12  2339.2N 122.7E  9999.9   16.0     92    1.7 1024.79999.9  19.8   0.4   3.7 999.9 999.9
            XCS  13  0039.2N 122.7E  9999.9   16.0     83    1.4 1025.09999.9  19.8   0.3   3.5 999.9 999.9
            XCS  13  0139.2N 122.7E  9999.9   15.9     78    1.5 1025.09999.9  19.8   0.3   3.4 999.9 999.9
            XCS  13  0239.2N 122.7E  9999.9   15.9     71    1.1 1024.89999.9  19.8   0.3   3.6 999.9 999.9
            XCS  13  0339.2N 122.7E  9999.9   16.1     39    2.4 1024.49999.9  19.8   0.2   3.8 999.9 999.9
            XCS  13  0439.2N 122.7E  9999.9   16.7     55    3.4 1024.39999.9  19.8   0.2   3.5 999.9 999.9
            XCS  13  0539.2N 122.7E  9999.9   16.4     62    2.5 1024.19999.9  19.7   0.2   3.8 999.9 999.9
            XCS  13  0639.2N 122.7E  9999.9   16.7     52    3.7 1023.99999.9  19.7   0.3   3.6 999.9 999.9
            XCS  13  0739.2N 122.7E  9999.9   16.7     39    3.2 1024.09999.9  19.7   0.3   4.2 999.9 999.9
            XCS  13  0839.2N 122.7E  9999.9   16.3     18    4.8 1024.09999.9  19.7   0.6   4.7 999.9 999.9
            XCS  13  0939.2N 122.7E  9999.9   16.5     19    4.9 1023.89999.9  19.7   0.7   4.4 999.9 999.9
            XCS  13  1039.2N 122.7E  9999.9   17.6     86    1.2 1023.89999.9  19.8   0.7   4.3 999.9 999.9
            XCS  13  1139.2N 122.7E  9999.9   20.1    136    3.1 1023.69999.9  19.8   0.8   4.1 999.9 999.9
            XCS  13  1239.2N 122.7E  9999.9   19.6    141    2.6 1023.79999.9  20.0   0.7   4.1 999.9 999.9
            XCS  13  1339.2N 122.7E  9999.9   20.8    146    2.4 1023.79999.9  20.1   0.6   4.0 999.9 999.9
            XCS  13  1439.2N 122.7E  9999.9   21.9    151    2.4 1022.99999.9  20.3   0.7   4.0 999.9 999.9
            XCS  13  1539.2N 122.7E  9999.9   22.1    183    1.8 1022.19999.9  20.2   0.7   4.3 999.9 999.9
            XCS  13  1639.2N 122.7E  9999.9   22.3    178    2.0 1021.09999.9  20.2   0.7   4.3 999.9 999.9
            XCS  13  1739.2N 122.7E  9999.9   21.6    220    0.5 1020.59999.9  20.3   0.6   4.3 999.9 999.9
            XCS  13  1839.2N 122.7E  9999.9   20.1    216    0.8 1020.39999.9  20.3   0.5   4.3 999.9 999.9
            XCS  13  1939.2N 122.7E  9999.9   19.4    183    1.2 1020.89999.9  20.3   0.5   4.6 999.9 999.9
            XCS  13  2039.2N 122.7E  9999.9   19.0    163    0.5 1020.79999.9  20.2   0.5   4.2 999.9 999.9
            XCS  13  2139.2N 122.7E  9999.9   18.8    138    0.6 1020.29999.9  20.2   0.5   4.3 999.9 999.9
            XCS  13  2239.2N 122.7E  9999.9   18.8    162    0.6 1020.59999.9  20.2   0.5   4.3 999.9 999.9
            XCS  13  2339.2N 122.7E  9999.9   18.8    181    1.1 1020.19999.9  20.1   0.5   3.9 999.9 999.9
            XCS  14  0039.2N 122.7E  9999.9   18.5    193    1.5 1020.09999.9  20.1   0.4   3.7 999.9 999.9
            XCS  14  0139.2N 122.7E  9999.9   18.8    187    1.8 1019.89999.9  20.1   0.5   3.3 999.9 999.9
            XCS  14  0239.2N 122.7E  9999.9   18.6    216    2.8 1020.19999.9  20.1   0.6   3.3 999.9 999.9
            XCS  14  0339.2N 122.7E  9999.9   18.9    220    3.2 1019.59999.9  20.1   0.5   3.5 999.9 999.9
            XCS  14  0439.2N 122.7E  9999.9   18.6    215    2.2 1018.99999.9  20.1   0.5   3.8 999.9 999.9
            XCS  14  0539.2N 122.7E  9999.9   18.6    222    3.6 1018.59999.9  20.1   0.4   3.9 999.9 999.9
            XCS  14  0639.2N 122.7E  9999.9   18.8    238    5.0 1018.29999.9  20.0   0.4   3.9 999.9 999.9
            XCS  14  0739.2N 122.7E  9999.9   17.9    301    4.2 1018.39999.9  20.0   0.4   3.9 999.9 999.9
            XCS  14  0839.2N 122.7E  9999.9   17.4    301    3.3 1018.89999.9  20.0   0.3   3.8 999.9 999.9
            XCS  14  0939.2N 122.7E  9999.9   17.0    306    3.3 1018.69999.9  20.0   0.4   4.0 999.9 999.9
            XCS  14  1039.2N 122.7E  9999.9   17.1    293    2.2 1018.59999.9  20.1   0.3   3.7 999.9 999.9
            XCS  14  1139.2N 122.7E  9999.9   18.4    289    2.9 1018.89999.9  20.2   0.3   3.5 999.9 999.9
            XCS  14  1239.2N 122.7E  9999.9   19.1    297    2.7 1018.99999.9  20.2   0.4   3.6 999.9 999.9
            XCS  14  1339.2N 122.7E  9999.9   18.9    289    3.7 1018.89999.9  20.2   0.4   4.1 999.9 999.9
            XCS  14  1439.2N 122.7E  9999.9   19.8    260    1.8 1018.09999.9  20.2   0.4   3.8 999.9 999.9
            XCS  14  1539.2N 122.7E  9999.9   20.2    278    1.9 1017.39999.9  20.2   0.4   3.8 999.9 999.9
            XCS  14  1639.2N 122.7E  9999.9   20.2    268    1.1 1016.89999.9  20.2   0.3   3.7 999.9 999.9
            XCS  14  1739.2N 122.7E  9999.9   19.7    299    2.8 1016.69999.9  20.1   0.4   3.7 999.9 999.9
            XCS  14  1839.2N 122.7E  9999.9   19.4    303    2.6 1016.99999.9  20.1   0.3   4.1 999.9 999.9
            XCS  14  1939.2N 122.7E  9999.9   19.1    311    3.8 1016.99999.9  20.1   0.3   4.1 999.9 999.9
            XCS  14  2039.2N 122.7E  9999.9   18.7    313    3.3 1016.99999.9  20.1   0.3   3.9 999.9 999.9
            XCS  14  2139.2N 122.7E  9999.9   18.6    306    2.6 1017.69999.9  20.0   0.3   4.7 999.9 999.9
            XCS  14  2239.2N 122.7E  9999.9   18.5    315    3.4 1017.69999.9  20.0   0.2   5.0 999.9 999.9
            XCS  14  2339.2N 122.7E  9999.9   18.2    340    2.6 1017.99999.9  20.0   0.3   4.9 999.9 999.9
            XCS  15  0039.2N 122.7E  9999.9   17.9      0    2.3 1018.29999.9  20.0   0.2   4.9 999.9 999.9
            XCS  15  0139.2N 122.7E  9999.9   17.9    343    3.0 1018.59999.9  19.9   0.2   4.7 999.9 999.9
            XCS  15  0239.2N 122.7E  9999.9   17.6      5    3.2 1018.79999.9  19.9   0.3   4.6 999.9 999.9
            XCS  15  0339.2N 122.7E  9999.9   17.5     12    3.1 1018.59999.9  19.9   0.3   4.1 999.9 999.9
            XCS  15  0439.2N 122.7E  9999.9   17.1      2    3.2 1018.69999.9  19.9   0.3   3.7 999.9 999.9
            XCS  15  0539.2N 122.7E  9999.9   16.4      8    3.2 1018.29999.9  19.9   0.3   3.9 999.9 999.9
            XCS  15  0639.2N 122.7E  9999.9   16.7     24    3.6 1018.39999.9  19.9   0.4   3.4 999.9 999.9
            XCS  15  0739.2N 122.7E  9999.9   16.8     52    4.2 1018.49999.9  19.9   0.3   3.6 999.9 999.9
            XCS  15  0839.2N 122.7E  9999.9   17.2     46    5.7 1019.09999.9  19.9   0.4   3.6 999.9 999.9
            XCS  15  0939.2N 122.7E  9999.9   16.8     48    5.7 1019.29999.9  19.9   0.4   3.8 999.9 999.9
            XCS  15  1039.2N 122.7E  9999.9   16.7     54    6.1 1019.79999.9  19.8   0.4   3.8 999.9 999.9
            XCS  15  1139.2N 122.7E  9999.9   16.9     50    6.9 1020.69999.9  19.9   0.4   3.7 999.9 999.9
            XCS  15  1239.2N 122.7E  9999.9   17.3     48    5.7 1020.79999.9  19.9   0.5   3.8 999.9 999.9
            XCS  15  1339.2N 122.7E  9999.9   17.7     42    6.0 1020.69999.9  19.9   0.5   4.2 999.9 999.9
            XCS  15  1439.2N 122.7E  9999.9   18.9     58    5.8 1020.69999.9  19.9   0.5   4.2 999.9 999.9
            XCS  15  1539.2N 122.7E  9999.9   18.7     44    4.3 1020.29999.9  20.0   0.5   4.2 999.9 999.9
            XCS  15  1639.2N 122.7E  9999.9   18.0     20    3.1 1020.19999.9  19.9   0.5   4.0 999.9 999.9
            XCS  15  1739.2N 122.7E  9999.9   20.1     51    0.9 1019.89999.9  19.8   0.4   3.9 999.9 999.9
            XCS  15  1839.2N 122.7E  9999.9   19.1    264    0.8 1019.79999.9  19.8   0.3   4.8 999.9 999.9
            XCS  15  1939.2N 122.7E  9999.9   18.5    296    2.9 1019.99999.9  19.8   0.3   4.7 999.9 999.9
            XCS  15  2039.2N 122.7E  9999.9   18.4    319    5.4 1020.39999.9  19.7   0.4   2.7 999.9 999.9
            XCS  15  2139.2N 122.7E  9999.9   17.7    335    5.1 1021.09999.9  19.6   0.4   3.6 999.9 999.9
            XCS  15  2239.2N 122.7E  9999.9   16.1    325    6.5 1021.99999.9  19.5   0.5   2.9 999.9 999.9
            XCS  15  2339.2N 122.7E  9999.9   14.5    357    6.4 1022.59999.9  19.4   0.7   3.0 999.9 999.9
            XCS  16  0039.2N 122.7E  9999.9   13.2     17    9.1 1023.89999.9  19.3   0.6   4.3 999.9 999.9
            XCS  16  0139.2N 122.7E  9999.9   12.5     13   10.7 1024.39999.9  19.2   0.7   3.6 999.9 999.9
            XCS  16  0239.2N 122.7E  9999.9   11.4     24    9.0 1025.59999.9  19.1   0.7   3.4 999.9 999.9
            XCS  16  0339.2N 122.7E  9999.9   10.2    350    8.2 1025.59999.9  19.0   0.7   3.5 999.9 999.9
            XCS  16  0439.2N 122.7E  9999.9    9.1    346    9.0 1026.59999.9  18.9   0.7   4.0 999.9 999.9
            XCS  16  0539.2N 122.7E  9999.9    8.4    354    8.2 1027.19999.9  18.7   0.6   3.8 999.9 999.9
            XCS  16  0639.2N 122.7E  9999.9    7.3    359    7.2 1027.49999.9  18.7   0.6   4.1 999.9 999.9
            XCS  16  0739.2N 122.7E  9999.9    6.3    359    9.2 1028.19999.9  18.6   0.5   4.2 999.9 999.9
            XCS  16  0839.2N 122.7E  9999.9    5.4    353    8.3 1029.19999.9  18.5   0.5   4.1 999.9 999.9
            XCS  16  0939.2N 122.7E  9999.9    4.5    340    9.6 1029.79999.9  18.4   0.5   4.7 999.9 999.9
            XCS  16  1039.2N 122.7E  9999.9    4.4      5    8.2 1030.59999.9  18.4   0.5   4.7 999.9 999.9
            XCS  16  1139.2N 122.7E  9999.9    4.0    338    7.3 1031.09999.9  18.3   0.5   5.0 999.9 999.9
            XCS  16  1239.2N 122.7E  9999.9    4.3    355    7.5 1031.59999.9  18.3   0.4   4.6 999.9 999.9
            XCS  16  1339.2N 122.7E  9999.9    4.4    358    7.2 1031.49999.9  18.2   0.4   5.0 999.9 999.9
            XCS  16  1439.2N 122.7E  9999.9    5.0    323    7.8 1031.39999.9  18.3   0.4   5.5 999.9 999.9
            XCS  16  1539.2N 122.7E  9999.9    5.4    316    7.9 1030.89999.9  18.2   0.4   5.6 999.9 999.9
            XCS  16  1639.2N 122.7E  9999.9    5.7    338    6.7 1030.09999.9  18.2   0.3   4.9 999.9 999.9
            XCS  16  1739.2N 122.7E  9999.9    6.6    317    7.1 1029.79999.9  18.1   0.4   3.8 999.9 999.9
            XCS  16  1839.2N 122.7E  9999.9    6.5    325    6.3 1029.99999.9  18.0   0.4   3.7 999.9 999.9
            XCS  16  1939.2N 122.7E  9999.9    6.0    316    8.0 1030.19999.9  18.0   0.3   4.1 999.9 999.9
            XCS  16  2039.2N 122.7E  9999.9    5.4    331    7.2 1031.09999.9  17.9   0.3   5.8 999.9 999.9
            XCS  16  2139.2N 122.7E  9999.9    5.2    335    7.2 1031.69999.9  17.8   0.3   5.0 999.9 999.9
            XCS  16  2239.2N 122.7E  9999.9    5.2      1    6.2 1032.49999.9  17.6   0.3   5.2 999.9 999.9
            XCS  16  2339.2N 122.7E  9999.9    4.9    359    5.5 1033.09999.9  17.5   0.3   4.4 999.9 999.9
            XCS  17  0039.2N 122.7E  9999.9    4.8      9    7.4 1033.39999.9  17.5   0.3   4.4 999.9 999.9
            XCS  17  0139.2N 122.7E  9999.9    4.8     23    6.7 1033.19999.9  17.4   0.3   4.3 999.9 999.9
            XCS  17  0239.2N 122.7E  9999.9    4.8     15    6.9 1033.09999.9  17.3   0.3   4.8 999.9 999.9
            XCS  17  0339.2N 122.7E  9999.9    4.6      9    5.8 1032.89999.9  17.2   0.3   4.8 999.9 999.9
            XCS  17  0439.2N 122.7E  9999.9    4.1    338    3.4 1032.89999.9  17.1   0.4   4.8 999.9 999.9
            XCS  17  0539.2N 122.7E  9999.9    3.9    325    3.3 1032.69999.9  17.2   0.4   4.4 999.9 999.9
            XCS  17  0639.2N 122.7E  9999.9    4.4    329    4.6 1032.19999.9  17.2   0.3   4.3 999.9 999.9
            XCS  17  0739.2N 122.7E  9999.9    4.5    336    3.6 1031.59999.9  17.1   0.3   4.3 999.9 999.9
            XCS  17  0839.2N 122.7E  9999.9    4.3    342    2.4 1031.19999.9  17.1   0.3   4.6 999.9 999.9
            XCS  17  0939.2N 122.7E  9999.9    4.3    336    2.7 1030.79999.9  17.2   0.3   5.0 999.9 999.9
            XCS  17  1039.2N 122.7E  9999.9    5.2    325    1.9 1030.59999.9  17.3   0.3   5.1 999.9 999.9
            XCS  17  1139.2N 122.7E  9999.9    7.2    336    1.4 1030.39999.9  17.4   0.2   5.5 999.9 999.9
            XCS  17  1239.2N 122.7E  9999.9    8.7    358    1.3 1029.89999.9  17.5   0.3   5.6 999.9 999.9
            XCS  17  1339.2N 122.7E  9999.9   10.8     89    0.7 1029.19999.9  17.5   0.3   5.4 999.9 999.9
            XCS  17  1439.2N 122.7E  9999.9   11.6    248    1.6 1028.49999.9  17.5   0.4   4.2 999.9 999.9
            XCS  17  1539.2N 122.7E  9999.9   12.2    233    3.6 1027.19999.9  17.3   0.5   3.6 999.9 999.9
            XCS  17  1639.2N 122.7E  9999.9   12.0    235    4.2 1025.89999.9  17.3   0.6   3.6 999.9 999.9
            XCS  17  1739.2N 122.7E  9999.9   12.5    228    5.3 1024.49999.9  17.3   0.7   3.7 999.9 999.9
            XCS  17  1839.2N 122.7E  9999.9   12.7    234    4.0 1023.69999.9  17.3   0.6   3.8 999.9 999.9
            XCS  17  1939.2N 122.7E  9999.9   12.6    254    2.5 1023.09999.9  17.2   0.8   4.0 999.9 999.9
            XCS  17  2039.2N 122.7E  9999.9   12.2    256    2.4 1022.39999.9  17.2   0.9   4.2 999.9 999.9
            XCS  17  2139.2N 122.7E  9999.9   12.2    269    2.5 1022.59999.9  17.2   1.0   4.5 999.9 999.9
            XCS  17  2239.2N 122.7E  9999.9   12.2    277    2.5 1022.39999.9  17.2   1.1   4.7 999.9 999.9
            XCS  17  2339.2N 122.7E  9999.9   12.4    232    4.8 1022.19999.9  17.1   1.2   4.6 999.9 999.9
            XCS  18  0039.2N 122.7E  9999.9   12.7    234    5.0 1022.09999.9  17.1   1.3   4.5 999.9 999.9
            XCS  18  0139.2N 122.7E  9999.9   13.0    234    4.7 1021.79999.9  17.0   1.2   4.6 999.9 999.9
            XCS  18  0239.2N 122.7E  9999.9   13.2    235    6.6 1021.39999.9  17.0   1.1   4.5 999.9 999.9
            XCS  18  0339.2N 122.7E  9999.9   13.5    232    7.5 1020.79999.9  17.0   1.2   4.4 999.9 999.9
            XCS  18  0439.2N 122.7E  9999.9   13.5    234    6.7 1020.19999.9  17.0   1.0   4.3 999.9 999.9
            XCS  18  0539.2N 122.7E  9999.9   13.5    232    7.6 1019.69999.9  16.9   1.0   4.2 999.9 999.9
            XCS  18  0639.2N 122.7E  9999.9   13.6    232    7.3 1019.19999.9  16.9   1.0   4.2 999.9 999.9
            XCS  18  0739.2N 122.7E  9999.9   13.6    231    6.4 1018.59999.9  16.9   1.0   4.3 999.9 999.9
            XCS  18  0839.2N 122.7E  9999.9   13.6    231    6.9 1018.49999.9  17.1   1.2   4.6 999.9 999.9
            XCS  18  0939.2N 122.7E  9999.9   13.7    235    6.6 1018.39999.9  17.2   1.3   4.8 999.9 999.9
            XCS  18  1039.2N 122.7E  9999.9   13.9    232    6.1 1018.29999.9  17.2   1.1   4.6 999.9 999.9
            XCS  18  1139.2N 122.7E  9999.9   14.6    230    6.3 1018.49999.9  17.2   1.2   4.7 999.9 999.9
            XCS  18  1239.2N 122.7E  9999.9   14.7    236    6.3 1018.69999.9  17.2   1.1   4.7 999.9 999.9
            XCS  18  1339.2N 122.7E  9999.9   15.4    231    6.1 1018.59999.9  17.2   1.0   4.5 999.9 999.9
            XCS  18  1439.2N 122.7E  9999.9   15.8    231    6.4 1018.49999.9  17.2   0.9   4.3 999.9 999.9
            XCS  18  1539.2N 122.7E  9999.9   16.4    229    6.6 1017.59999.9  17.2   0.9   4.5 999.9 999.9
            XCS  18  1639.2N 122.7E  9999.9   16.5    228    5.3 1016.99999.9  17.3   0.8   4.3 999.9 999.9
            XCS  18  1739.2N 122.7E  9999.9   15.4    234    5.3 1016.59999.9  17.2   0.7   4.1 999.9 999.9
            XCS  18  1839.2N 122.7E  9999.9   15.4    231    4.9 1016.59999.9  17.2   0.6   4.0 999.9 999.9
            XCS  18  1939.2N 122.7E  9999.9   15.1    255    1.8 1016.69999.9  17.2   0.6   4.2 999.9 999.9
            XCS  18  2039.2N 122.7E  9999.9   14.3    290    2.9 1016.89999.9  17.2   0.6   4.4 999.9 999.9
            XCS  18  2139.2N 122.7E  9999.9   14.2    293    3.7 1017.29999.9  17.3   0.5   4.7 999.9 999.9
            XCS  18  2239.2N 122.7E  9999.9   14.1    298    4.4 1017.99999.9  17.3   0.4   4.7 999.9 999.9
            XCS  18  2339.2N 122.7E  9999.9   13.5    320    4.5 1018.59999.9  17.3   0.4   5.0 999.9 999.9
            XCS  19  0039.2N 122.7E  9999.9   12.5    322    4.2 1019.19999.9  17.2   0.3   4.8 999.9 999.9
            XCS  19  0139.2N 122.7E  9999.9    9.9    341    4.8 1020.09999.9  17.2   0.3   4.1 999.9 999.9
            XCS  19  0239.2N 122.7E  9999.9    9.9    334    5.2 1020.99999.9  17.1   0.4   4.0 999.9 999.9
            XCS  19  0339.2N 122.7E  9999.9    9.2    346    4.2 1021.39999.9  17.0   0.4   4.5 999.9 999.9
            XCS  19  0439.2N 122.7E  9999.9    8.6    337    5.2 1021.79999.9  16.8   0.4   4.6 999.9 999.9
            XCS  19  0539.2N 122.7E  9999.9    7.8    318    7.9 1022.19999.9  16.8   0.6   5.0 999.9 999.9
            XCS  19  0639.2N 122.7E  9999.9    7.4    341    5.3 1022.09999.9  16.7   0.6   5.0 999.9 999.9
            XCS  19  0739.2N 122.7E  9999.9    7.1     13    5.5 1022.59999.9  16.7   0.5   4.8 999.9 999.9
            XCS  19  0839.2N 122.7E  9999.9    6.7     22    7.2 1023.39999.9  16.7   0.4   4.9 999.9 999.9
            XCS  19  0939.2N 122.7E  9999.9    6.1     19    6.9 1023.99999.9  16.8   0.4   4.7 999.9 999.9
            XCS  19  1039.2N 122.7E  9999.9    6.1     22    6.7 1024.49999.9  16.8   0.5   4.8 999.9 999.9
            XCS  19  1139.2N 122.7E  9999.9    6.6     18    5.1 1025.49999.9  16.8   0.4   4.7 999.9 999.9
            XCS  19  1239.2N 122.7E  9999.9    7.2      6    5.1 1025.89999.9  16.8   0.4   4.4 999.9 999.9
            XCS  19  1339.2N 122.7E  9999.9    8.0    357    4.4 1025.69999.9  16.8   0.5   4.5 999.9 999.9
            XCS  19  1439.2N 122.7E  9999.9    9.2     12    5.2 1025.49999.9  16.9   0.4   4.8 999.9 999.9
            XCS  19  1539.2N 122.7E  9999.9    9.9    341    4.6 1024.89999.9  16.9   0.4   5.4 999.9 999.9
            XCS  19  1639.2N 122.7E  9999.9   10.2    320    4.5 1024.09999.9  16.8   0.5   5.3 999.9 999.9
            XCS  19  1739.2N 122.7E  9999.9   10.2    320    6.6 1023.49999.9  16.7   0.5   5.4 999.9 999.9
            XCS  19  1839.2N 122.7E  9999.9    9.9    341    5.9 1023.19999.9  16.6   0.4   5.5 999.9 999.9
            XCS  19  1939.2N 122.7E  9999.9    9.5    329    6.4 1023.19999.9  16.5   0.4   5.1 999.9 999.9
            XCS  19  2039.2N 122.7E  9999.9    8.6    319    7.3 1023.59999.9  16.5   0.4   4.9 999.9 999.9
            XCS  19  2139.2N 122.7E  9999.9    8.3    325    6.5 1024.19999.9  16.5   0.4   4.8 999.9 999.9
            XCS  19  2239.2N 122.7E  9999.9    8.1    349    6.5 1024.29999.9  16.5   0.4   4.6 999.9 999.9
            XCS  19  2339.2N 122.7E  9999.9    8.1     19    8.5 1024.59999.9  16.5   0.4   4.8 999.9 999.9
            XCS  20  0039.2N 122.7E  9999.9    8.0     15    7.2 1025.09999.9  16.4   0.3   4.2 999.9 999.9
            XCS  20  0139.2N 122.7E  9999.9    7.9     22    6.9 1025.59999.9  16.4   0.4   3.8 999.9 999.9
            XCS  20  0239.2N 122.7E  9999.9    7.8     38    6.4 1025.19999.9  16.3   0.3   4.1 999.9 999.9
            XCS  20  0339.2N 122.7E  9999.9    7.8     20    5.9 1025.49999.9  16.2   0.4   4.3 999.9 999.9
            XCS  20  0439.2N 122.7E  9999.9    7.0    334    3.6 1025.69999.9  16.1   0.4   4.3 999.9 999.9
            XCS  20  0539.2N 122.7E  9999.9    6.7    352    2.9 1024.89999.9  16.0   0.4   4.4 999.9 999.9
            XCS  20  0639.2N 122.7E  9999.9    6.6    333    2.9 1024.29999.9  16.0   0.5   4.4 999.9 999.9
            XCS  20  0739.2N 122.7E  9999.9    6.3    321    3.3 1024.09999.9  16.0   0.5   4.4 999.9 999.9
            XCS  20  0839.2N 122.7E  9999.9    6.4    329    3.1 1024.09999.9  16.1   0.4   4.2 999.9 999.9
            XCS  20  0939.2N 122.7E  9999.9    6.0    323    2.5 1024.09999.9  16.2   0.4   4.4 999.9 999.9
            XCS  20  1039.2N 122.7E  9999.9    7.1    352    1.8 1024.09999.9  16.4   0.4   4.4 999.9 999.9
            XCS  20  1139.2N 122.7E  9999.9    8.7     25    2.8 1024.09999.9  16.6   0.3   4.6 999.9 999.9
            XCS  20  1239.2N 122.7E  9999.9   10.1     23    3.8 1023.89999.9  16.7   0.3   4.7 999.9 999.9
            XCS  20  1339.2N 122.7E  9999.9   11.2     21    2.8 1023.49999.9  16.8   0.3   4.8 999.9 999.9
            XCS  20  1439.2N 122.7E  9999.9   11.6     39    3.2 1022.99999.9  17.0   0.3   5.0 999.9 999.9
            XCS  20  1539.2N 122.7E  9999.9   12.3     24    1.7 1022.39999.9  16.9   0.3   4.8 999.9 999.9
            XCS  20  1639.2N 122.7E  9999.9   12.8    316    0.7 1021.39999.9  16.8   0.3   4.9 999.9 999.9
            XCS  20  1739.2N 122.7E  9999.9   14.8    202    1.1 1020.69999.9  16.7   0.4   4.9 999.9 999.9
            XCS  20  1839.2N 122.7E  9999.9   14.3    211    0.8 1020.19999.9  16.6   0.4   4.7 999.9 999.9
            XCS  20  1939.2N 122.7E  9999.9   12.5    224    2.9 1020.19999.9  16.6   0.3   4.6 999.9 999.9
            XCS  20  2039.2N 122.7E  9999.9   11.6    230    4.1 1019.79999.9  16.6   0.3   4.3 999.9 999.9
            XCS  20  2139.2N 122.7E  9999.9   11.9    265    1.4 1019.89999.9  16.7   0.3   4.3 999.9 999.9
            XCS  20  2239.2N 122.7E  9999.9   11.8    295    4.3 1019.89999.9  16.6   0.3   4.6 999.9 999.9
            XCS  20  2339.2N 122.7E  9999.9   11.5    302    3.8 1019.89999.9  16.7   0.2   4.6 999.9 999.9
            XCS  21  0039.2N 122.7E  9999.9   11.0    317    3.9 1020.09999.9  16.7   0.3   4.5 999.9 999.9
            XCS  21  0139.2N 122.7E  9999.9   10.4    316    3.0 1020.19999.9  16.7   0.3   4.4 999.9 999.9
            XCS  21  0239.2N 122.7E  9999.9   10.2    320    2.4 1020.19999.9  16.6   0.3   4.2 999.9 999.9
            XCS  21  0339.2N 122.7E  9999.9    9.9    311    2.3 1020.09999.9  16.6   0.3   4.0 999.9 999.9
            XCS  21  0439.2N 122.7E  9999.9    9.8    322    1.8 1020.09999.9  16.5   0.2   4.1 999.9 999.9
            XCS  21  0539.2N 122.7E  9999.9   10.0    327    2.5 1019.79999.9  16.5   0.3   3.9 999.9 999.9
            XCS  21  0639.2N 122.7E  9999.9   10.0    341    2.7 1019.19999.9  16.5   0.3   3.8 999.9 999.9
            XCS  21  0739.2N 122.7E  9999.9   10.0    339    3.0 1019.09999.9  16.5   0.2   3.9 999.9 999.9
            XCS  21  0839.2N 122.7E  9999.9   10.3      3    3.4 1019.19999.9  16.5   0.2   3.8 999.9 999.9
            XCS  21  0939.2N 122.7E  9999.9    9.9    356    2.7 1019.29999.9  16.6   0.2   3.9 999.9 999.9
            XCS  21  1039.2N 122.7E  9999.9   10.8     11    2.5 1019.49999.9  16.8   0.2   4.1 999.9 999.9
            XCS  21  1139.2N 122.7E  9999.9   11.7     13    3.1 1020.09999.9  17.0   0.2   3.8 999.9 999.9
            XCS  21  1239.2N 122.7E  9999.9   13.1     51    3.5 1020.39999.9  17.1   0.2   4.0 999.9 999.9
            XCS  21  1339.2N 122.7E  9999.9   13.7     52    3.3 1020.39999.9  17.2   0.2   3.9 999.9 999.9
            XCS  21  1439.2N 122.7E  9999.9   13.6     35    3.3 1020.19999.9  17.3   0.2   3.9 999.9 999.9
            XCS  21  1539.2N 122.7E  9999.9   14.3     78    1.9 1019.79999.9  17.3   0.2   3.8 999.9 999.9
            XCS  21  1639.2N 122.7E  9999.9   13.8     23    2.1 1019.19999.9  17.2   0.3   4.0 999.9 999.9
            XCS  21  1739.2N 122.7E  9999.9   14.8    159    1.1 1018.79999.9  17.1   0.3   4.1 999.9 999.9
            XCS  21  1839.2N 122.7E  9999.9   15.2    189    1.1 1018.69999.9  17.0   0.3   3.8 999.9 999.9
            XCS  21  1939.2N 122.7E  9999.9   13.5    201    1.0 1018.59999.9  17.0   0.2   3.8 999.9 999.9
            XCS  21  2039.2N 122.7E  9999.9   11.8    217    1.0 1018.59999.9  17.0   0.2   3.7 999.9 999.9
            XCS  21  2139.2N 122.7E  9999.9   12.3    254    1.3 1019.09999.9  16.9   0.2   3.3 999.9 999.9
            XCS  21  2239.2N 122.7E  9999.9   12.7    300    3.8 1019.59999.9  16.9   0.2   3.8 999.9 999.9
            XCS  21  2339.2N 122.7E  9999.9   12.2    321    4.1 1019.89999.9  16.9   0.1   4.4 999.9 999.9
            XCS  22  0039.2N 122.7E  9999.9   12.2    351    3.0 1020.19999.9  16.9   0.1   3.9 999.9 999.9
            XCS  22  0139.2N 122.7E  9999.9   11.8    324    2.9 1020.59999.9  16.9   0.1   4.3 999.9 999.9
            XCS  22  0239.2N 122.7E  9999.9   10.9    317    4.8 1020.99999.9  16.8   0.1   5.6 999.9 999.9
            XCS  22  0339.2N 122.7E  9999.9   10.8    311    5.5 1021.09999.9  16.8   0.2   5.0 999.9 999.9
            XCS  22  0439.2N 122.7E  9999.9   11.7    314    6.5 1021.49999.9  16.7   0.2   4.1 999.9 999.9
            XCS  22  0539.2N 122.7E  9999.9   11.6    316    6.7 1021.39999.9  16.6   0.2   4.3 999.9 999.9
            XCS  22  0639.2N 122.7E  9999.9   10.9    322    4.9 1021.59999.9  16.6   0.2   4.0 999.9 999.9
            XCS  22  0739.2N 122.7E  9999.9   10.5    313    5.3 1022.09999.9  16.6   0.2   4.0 999.9 999.9
            XCS  22  0839.2N 122.7E  9999.9    9.4    311    5.3 1022.39999.9  16.6   0.2   3.8 999.9 999.9
            XCS  22  0939.2N 122.7E  9999.9    9.2    317    5.3 1022.99999.9  16.6   0.2   3.8 999.9 999.9
            XCS  22  1039.2N 122.7E  9999.9    9.8    333    3.8 1023.39999.9  16.6   0.2   4.0 999.9 999.9
            XCS  22  1139.2N 122.7E  9999.9   10.9    334    3.2 1024.29999.9  16.8   0.2   4.1 999.9 999.9
            XCS  22  1239.2N 122.7E  9999.9   11.8      7    3.5 1024.79999.9  17.0   0.2   3.9 999.9 999.9
            XCS  22  1339.2N 122.7E  9999.9   13.1     11    3.6 1024.99999.9  17.1   0.2   4.1 999.9 999.9
            XCS  22  1439.2N 122.7E  9999.9   14.0     26    3.3 1025.19999.9  17.1   0.2   4.1 999.9 999.9
            XCS  22  1539.2N 122.7E  9999.9   14.7      5    2.1 1024.79999.9  17.0   0.2   4.1 999.9 999.9
            XCS  22  1639.2N 122.7E  9999.9   15.9    268    1.0 1024.39999.9  17.0   0.2   4.4 999.9 999.9
            XCS  22  1739.2N 122.7E  9999.9   15.7    316    3.8 1024.09999.9  16.7   0.2   4.5 999.9 999.9
            XCS  22  1839.2N 122.7E  9999.9   15.8    236    1.8 1023.99999.9  16.7   0.2   4.8 999.9 999.9
            XCS  22  1939.2N 122.7E  9999.9   14.7    277    2.1 1024.09999.9  16.6   0.2   4.2 999.9 999.9
            XCS  22  2039.2N 122.7E  9999.9   13.5    310    5.5 1024.19999.9  16.6   0.2   3.9 999.9 999.9
            XCS  22  2139.2N 122.7E  9999.9   12.6    307    5.2 1024.89999.9  16.6   0.2   4.4 999.9 999.9
            XCS  22  2239.2N 122.7E  9999.9   12.0    317    5.3 1025.29999.9  16.6   0.2   3.9 999.9 999.9
            XCS  22  2339.2N 122.7E  9999.9   11.6    313    4.1 1025.49999.9  16.6   0.2   4.1 999.9 999.9
            XCS  23  0039.2N 122.7E  9999.9   11.3    318    3.1 1025.59999.9  16.6   0.2   3.9 999.9 999.9
            XCS  23  0139.2N 122.7E  9999.9   12.0     19    4.4 1026.19999.9  16.6   0.3   3.7 999.9 999.9
            XCS  23  0239.2N 122.7E  9999.9   11.6    355    2.1 1026.69999.9  16.5   0.2   3.8 999.9 999.9
            XCS  23  0339.2N 122.7E  9999.9   11.2    349    3.5 1026.79999.9  16.4   0.2   3.8 999.9 999.9
            XCS  23  0439.2N 122.7E  9999.9   11.0    343    3.6 1027.09999.9  16.4   0.2   4.3 999.9 999.9
            XCS  23  0539.2N 122.7E  9999.9   10.9    338    3.1 1026.89999.9  16.4   0.2   4.2 999.9 999.9
            XCS  23  0639.2N 122.7E  9999.9   11.5     17    4.1 1026.49999.9  16.3   0.3   3.9 999.9 999.9
            XCS  23  0739.2N 122.7E  9999.9   11.1     36    3.3 1026.59999.9  16.3   0.3   3.8 999.9 999.9
            XCS  23  0839.2N 122.7E  9999.9   11.2     39    3.8 1026.89999.9  16.3   0.3   3.8 999.9 999.9
            XCS  23  0939.2N 122.7E  9999.9   10.1    339    3.4 1027.19999.9  16.3   0.3   3.7 999.9 999.9
            XCS  23  1039.2N 122.7E  9999.9    9.5    339    3.6 1027.59999.9  16.5   0.4   3.6 999.9 999.9
            XCS  23  1139.2N 122.7E  9999.9   11.7    356    2.7 1028.09999.9  16.6   0.3   3.9 999.9 999.9
            XCS  23  1239.2N 122.7E  9999.9   12.9     15    2.6 1028.49999.9  16.7   0.3   4.0 999.9 999.9
            XCS  23  1339.2N 122.7E  9999.9   13.7     26    3.1 1028.49999.9  16.8   0.3   3.9 999.9 999.9
            XCS  23  1439.2N 122.7E  9999.9   14.4     21    2.5 1028.59999.9  16.9   0.2   4.4 999.9 999.9
            XCS  23  1539.2N 122.7E  9999.9   14.9     16    2.2 1027.79999.9  16.9   0.3   4.3 999.9 999.9
            XCS  23  1639.2N 122.7E  9999.9   15.5     41    1.7 1027.29999.9  16.8   0.3   4.4 999.9 999.9
            XCS  23  1739.2N 122.7E  9999.9   17.3    207    1.2 1026.69999.9  16.6   0.3   4.0 999.9 999.9
            XCS  23  1839.2N 122.7E  9999.9   16.4    199    1.3 1026.19999.9  16.6   0.3   4.2 999.9 999.9
            XCS  23  1939.2N 122.7E  9999.9   14.4    194    1.1 1025.69999.9  16.5   0.3   3.9 999.9 999.9
            XCS  23  2039.2N 122.7E  9999.9   12.9    202    1.7 1025.69999.9  16.5   0.3   3.7 999.9 999.9
            XCS  23  2139.2N 122.7E  9999.9   12.9    213    2.2 1025.99999.9  16.4   0.3   3.1 999.9 999.9
            XCS  23  2239.2N 122.7E  9999.9   13.5    234    4.4 1026.29999.9  16.4   0.3   3.2 999.9 999.9
            XCS  23  2339.2N 122.7E  9999.9   13.8    237    3.5 1026.49999.9  16.4   0.3   3.2 999.9 999.9
            XCS  24  0039.2N 122.7E  9999.9   13.2    292    2.4 1026.49999.9  16.5   0.3   3.4 999.9 999.9
            XCS  24  0139.2N 122.7E  9999.9   13.0    283    1.7 1026.59999.9  16.5   0.3   3.4 999.9 999.9
            XCS  24  0239.2N 122.7E  9999.9   12.7    293    2.1 1026.29999.9  16.4   0.3   3.6 999.9 999.9
            XCS  24  0339.2N 122.7E  9999.9   12.6    294    1.9 1025.79999.9  16.4   0.2   3.4 999.9 999.9
            XCS  24  0439.2N 122.7E  9999.9   11.9    309    2.3 1025.69999.9  16.4   0.2   3.4 999.9 999.9
            XCS  24  0539.2N 122.7E  9999.9   11.5    322    2.3 1025.39999.9  16.4   0.2   3.3 999.9 999.9
            XCS  24  0639.2N 122.7E  9999.9   10.8    301    1.4 1025.09999.9  16.3   0.2   3.3 999.9 999.9
            XCS  24  0739.2N 122.7E  9999.9   10.7    294    1.1 1024.99999.9  16.3   0.2   3.2 999.9 999.9
            XCS  24  0839.2N 122.7E  9999.9   10.8    333    0.2 1024.89999.9  16.3   0.2   3.4 999.9 999.9
            XCS  24  0939.2N 122.7E  9999.9   11.0    329    0.8 1025.09999.9  16.4   0.2   3.2 999.9 999.9
            XCS  24  1039.2N 122.7E  9999.9   10.9    310    1.5 1025.29999.9  16.5   0.2   3.5 999.9 999.9
            XCS  24  1139.2N 122.7E  9999.9   13.5    258    0.4 1025.49999.9  16.7   0.2   3.7 999.9 999.9
            XCS  24  1239.2N 122.7E  9999.9   15.7    225    1.5 1025.49999.9  16.9   0.2   4.0 999.9 999.9
            XCS  24  1339.2N 122.7E  9999.9   16.0    237    1.2 1025.29999.9  16.9   0.2   3.6 999.9 999.9
            XCS  24  1439.2N 122.7E  9999.9   15.9    265    1.6 1024.89999.9  16.7   0.2   3.6 999.9 999.9
            XCS  24  1539.2N 122.7E  9999.9   17.9    217    1.3 1024.29999.9  16.7   0.2   3.7 999.9 999.9
            XCS  24  1639.2N 122.7E  9999.9   17.9    207    1.5 1023.39999.9  16.7   0.2   3.5 999.9 999.9
            XCS  24  1739.2N 122.7E  9999.9   17.1    195    1.8 1022.69999.9  16.7   0.2   3.1 999.9 999.9
            XCS  24  1839.2N 122.7E  9999.9   15.9    196    1.8 1022.39999.9  16.6   0.3   3.1 999.9 999.9
            XCS  24  1939.2N 122.7E  9999.9   14.7    204    1.7 1022.39999.9  16.5   0.2   3.2 999.9 999.9
            XCS  24  2039.2N 122.7E  9999.9   13.7    201    2.0 1022.09999.9  16.5   0.2   3.5 999.9 999.9
            XCS  24  2139.2N 122.7E  9999.9   13.7    216    2.2 1022.39999.9  16.5   0.2   3.0 999.9 999.9
            XCS  24  2239.2N 122.7E  9999.9   13.6    216    1.6 1022.69999.9  16.4   0.2   2.9 999.9 999.9
            XCS  24  2339.2N 122.7E  9999.9   13.4    202    1.8 1022.79999.9  16.5   0.2   3.0 999.9 999.9
            XCS  25  0039.2N 122.7E  9999.9   13.7    227    2.7 1022.79999.9  16.5   0.2   3.3 999.9 999.9
            XCS  25  0139.2N 122.7E  9999.9   13.7    241    2.1 1022.79999.9  16.5   0.2   3.5 999.9 999.9
            XCS  25  0239.2N 122.7E  9999.9   13.4    233    2.2 1022.49999.9  16.5   0.2   3.2 999.9 999.9
            XCS  25  0339.2N 122.7E  9999.9   13.0    265    0.8 1022.19999.9  16.5   0.2   3.1 999.9 999.9
            XCS  25  0439.2N 122.7E  9999.9   12.3    279    0.6 1021.89999.9  16.5   0.2   3.1 999.9 999.9
            XCS  25  0539.2N 122.7E  9999.9   12.9    224    1.8 1021.89999.9  16.4   0.2   3.1 999.9 999.9
            XCS  25  0639.2N 122.7E  9999.9   12.8    220    1.9 1021.39999.9  16.4   0.2   3.3 999.9 999.9
            XCS  25  0739.2N 122.7E  9999.9   12.2    298    0.4 1020.99999.9  16.3   0.2   3.4 999.9 999.9
            XCS  25  0839.2N 122.7E  9999.9   12.3    185    0.6 1021.09999.9  16.3   0.2   3.3 999.9 999.9
            XCS  25  0939.2N 122.7E  9999.9   12.7    214    1.5 1021.09999.9  16.4   0.2   2.9 999.9 999.9
            XCS  25  1039.2N 122.7E  9999.9   13.5    189    1.1 1020.99999.9  16.5   0.3   2.6 999.9 999.9
            XCS  25  1139.2N 122.7E  9999.9   14.8    208    1.4 1021.19999.9  16.6   0.5   2.9 999.9 999.9
            XCS  25  1239.2N 122.7E  9999.9   16.3    221    3.0 1021.19999.9  16.7   0.5   3.2 999.9 999.9
            XCS  25  1339.2N 122.7E  9999.9   17.2    217    3.1 1020.79999.9  16.7   0.6   3.4 999.9 999.9
            XCS  25  1439.2N 122.7E  9999.9   17.8    216    2.7 1020.19999.9  16.7   0.7   3.6 999.9 999.9
            XCS  25  1539.2N 122.7E  9999.9   18.1    214    3.1 1019.49999.9  16.6   0.6   3.4 999.9 999.9
            XCS  25  1639.2N 122.7E  9999.9   17.9    214    3.2 1018.79999.9  16.6   0.8   3.7 999.9 999.9
            XCS  25  1739.2N 122.7E  9999.9   17.5    206    3.0 1018.09999.9  16.5   0.8   3.6 999.9 999.9
            XCS  25  1839.2N 122.7E  9999.9   17.0    224    4.2 1017.79999.9  16.5   0.8   3.6 999.9 999.9
            XCS  25  1939.2N 122.7E  9999.9   16.4    224    3.7 1017.59999.9  16.5   0.7   3.8 999.9 999.9
            XCS  25  2039.2N 122.7E  9999.9   15.9    224    5.2 1017.69999.9  16.5   0.6   3.7 999.9 999.9
            XCS  25  2139.2N 122.7E  9999.9   15.8    217    4.2 1017.99999.9  16.5   0.7   3.7 999.9 999.9
            XCS  25  2239.2N 122.7E  9999.9   15.4    211    3.3 1018.09999.9  16.5   0.7   3.6 999.9 999.9
            XCS  25  2339.2N 122.7E  9999.9   15.3    205    2.5 1017.99999.9  16.5   0.7   3.8 999.9 999.9
            XCS  26  0039.2N 122.7E  9999.9   15.3    204    2.6 1017.99999.9  16.5   0.8   3.8 999.9 999.9
            XCS  26  0139.2N 122.7E  9999.9   15.5    201    2.9 1017.89999.9  16.5   0.8   3.9 999.9 999.9
            XCS  26  0239.2N 122.7E  9999.9   15.8    194    3.4 1017.69999.9  16.5   0.9   4.1 999.9 999.9
            XCS  26  0339.2N 122.7E  9999.9   15.8    200    3.2 1017.59999.9  16.5   0.9   4.2 999.9 999.9
            XCS  26  0439.2N 122.7E  9999.9   15.8    203    2.8 1017.49999.9  16.5   0.9   4.2 999.9 999.9
            XCS  26  0539.2N 122.7E  9999.9   15.7    215    2.9 1017.19999.9  16.4   0.9   4.1 999.9 999.9
            XCS  26  0639.2N 122.7E  9999.9   15.8    221    3.6 1016.79999.9  16.4   0.9   4.1 999.9 999.9
            XCS  26  0739.2N 122.7E  9999.9   15.9    225    5.2 1016.49999.9  16.4   0.9   4.2 999.9 999.9
            XCS  26  0839.2N 122.7E  9999.9   15.8    223    4.6 1016.49999.9  16.4   1.0   4.2 999.9 999.9
            XCS  26  0939.2N 122.7E  9999.9   15.9    224    4.7 1016.49999.9  16.5   1.1   4.0 999.9 999.9
            XCS  26  1039.2N 122.7E  9999.9   16.0    226    5.0 1016.39999.9  16.5   0.9   4.0 999.9 999.9
            XCS  26  1139.2N 122.7E  9999.9   16.4    224    4.3 1016.69999.9  16.5   1.0   4.3 999.9 999.9
            XCS  26  1239.2N 122.7E  9999.9   17.0    226    5.4 1016.69999.9  16.6   1.0   4.2 999.9 999.9
            XCS  26  1339.2N 122.7E  9999.9   17.3    223    5.0 1016.19999.9  16.6   1.2   4.6 999.9 999.9
            XCS  26  1439.2N 122.7E  9999.9   18.0    231    5.6 1016.09999.9  16.6   1.2   4.6 999.9 999.9
            XCS  26  1539.2N 122.7E  9999.9   18.0    232    6.5 1015.09999.9  16.6   1.1   4.4 999.9 999.9
            XCS  26  1639.2N 122.7E  9999.9   18.1    224    4.9 1014.89999.9  16.6   0.8   4.4 999.9 999.9
            XCS  26  1739.2N 122.7E  9999.9   17.6    230    5.6 1014.29999.9  16.6   0.8   4.2 999.9 999.9
            XCS  26  1839.2N 122.7E  9999.9   17.4    284    4.2 1014.39999.9  16.5   0.7   4.3 999.9 999.9
            XCS  26  1939.2N 122.7E  9999.9   16.7    283    2.4 1014.49999.9  16.5   0.6   4.5 999.9 999.9
            XCS  26  2039.2N 122.7E  9999.9   16.2    290    4.0 1014.59999.9  16.4   0.6   4.3 999.9 999.9
            XCS  26  2139.2N 122.7E  9999.9   15.4    302    4.8 1015.69999.9  16.4   0.5   4.4 999.9 999.9
            XCS  26  2239.2N 122.7E  9999.9   14.9    320    7.2 1016.59999.9  16.4   0.4   4.7 999.9 999.9
            XCS  26  2339.2N 122.7E  9999.9   14.6    324    5.3 1017.29999.9  16.4   0.4   4.9 999.9 999.9
            XCS  27  0039.2N 122.7E  9999.9   13.9    333    3.0 1017.89999.9  16.4   0.4   5.0 999.9 999.9
            XCS  27  0139.2N 122.7E  9999.9   13.7    315    4.6 1018.19999.9  16.4   0.3   5.0 999.9 999.9
            XCS  27  0239.2N 122.7E  9999.9   13.6    319    3.7 1018.59999.9  16.4   0.3   5.2 999.9 999.9
            XCS  27  0339.2N 122.7E  9999.9   12.7    318    3.2 1018.89999.9  16.4   0.2   5.0 999.9 999.9
            XCS  27  0439.2N 122.7E  9999.9   13.6    316    5.7 1019.69999.9  16.3   0.2   5.1 999.9 999.9
            XCS  27  0539.2N 122.7E  9999.9   13.3    324    4.3 1020.19999.9  16.3   0.2   4.8 999.9 999.9
            XCS  27  0639.2N 122.7E  9999.9   12.8    322    4.0 1020.39999.9  16.3   0.2   4.6 999.9 999.9
            XCS  27  0739.2N 122.7E  9999.9   12.6    327    3.8 1020.49999.9  16.2   0.2   4.5 999.9 999.9
            XCS  27  0839.2N 122.7E  9999.9   12.0    321    4.4 1020.89999.9  16.2   0.2   4.6 999.9 999.9
            XCS  27  0939.2N 122.7E  9999.9   11.8    320    5.4 1021.29999.9  16.2   0.2   4.3 999.9 999.9
            XCS  27  1039.2N 122.7E  9999.9   11.2    314    3.4 1021.69999.9  16.2   0.2   4.4 999.9 999.9
            XCS  27  1139.2N 122.7E  9999.9   12.6    315    4.7 1022.09999.9  16.4   0.2   4.3 999.9 999.9
            XCS  27  1239.2N 122.7E  9999.9   13.7    311    4.0 1022.09999.9  16.5   0.2   4.6 999.9 999.9
            XCS  27  1339.2N 122.7E  9999.9   14.5    321    3.0 1021.89999.9  16.6   0.2   4.7 999.9 999.9
            XCS  27  1439.2N 122.7E  9999.9   15.2    307    4.7 1021.49999.9  16.6   0.2   4.3 999.9 999.9
            XCS  27  1539.2N 122.7E  9999.9   16.3    303    4.1 1020.79999.9  16.5   0.3   2.7 999.9 999.9
            XCS  27  1639.2N 122.7E  9999.9   17.3    230    2.4 1019.69999.9  16.4   0.4   2.8 999.9 999.9
            XCS  27  1739.2N 122.7E  9999.9   17.2    226    4.2 1018.99999.9  16.4   0.4   3.1 999.9 999.9
            XCS  27  1839.2N 122.7E  9999.9   17.4    273    2.6 1018.79999.9  16.3   0.4   3.4 999.9 999.9
            XCS  27  1939.2N 122.7E  9999.9   16.6    292    2.6 1018.59999.9  16.2   0.4   3.3 999.9 999.9
            XCS  27  2039.2N 122.7E  9999.9   15.5    289    4.6 1018.69999.9  16.2   0.4   3.4 999.9 999.9
            XCS  27  2139.2N 122.7E  9999.9   15.2    289    4.0 1019.39999.9  16.1   0.3   3.4 999.9 999.9
            XCS  27  2239.2N 122.7E  9999.9   14.7    283    2.3 1019.79999.9  16.1   0.4   4.1 999.9 999.9
            XCS  27  2339.2N 122.7E  9999.9   14.3    289    3.5 1020.09999.9  16.1   0.5   4.0 999.9 999.9
            XCS  28  0039.2N 122.7E  9999.9   13.1    294    2.4 1020.29999.9  16.2   0.4   3.8 999.9 999.9
            XCS  28  0139.2N 122.7E  9999.9   13.6    263    1.2 1020.39999.9  16.2   0.4   3.9 999.9 999.9
            XCS  28  0239.2N 122.7E  9999.9   13.5    255    0.8 1020.39999.9  16.2   0.3   4.1 999.9 999.9
            XCS  28  0339.2N 122.7E  9999.9   13.0    265    1.0 1020.29999.9  16.2   0.3   4.4 999.9 999.9
            XCS  28  0439.2N 122.7E  9999.9   12.6    323    1.7 1020.39999.9  16.2   0.4   4.5 999.9 999.9
            XCS  28  0539.2N 122.7E  9999.9   12.7    304    2.5 1020.59999.9  16.1   0.4   4.4 999.9 999.9
            XCS  28  0639.2N 122.7E  9999.9   12.4    280    1.0 1020.79999.9  16.1   0.4   4.3 999.9 999.9
            XCS  28  0739.2N 122.7E  9999.9   12.2    331    1.6 1020.89999.9  16.1   0.4   4.1 999.9 999.9
            XCS  28  0839.2N 122.7E  9999.9   12.0    339    1.9 1021.29999.9  16.1   0.4   4.1 999.9 999.9
            XCS  28  0939.2N 122.7E  9999.9   11.7    102    0.6 1021.69999.9  16.1   0.4   4.0 999.9 999.9
            XCS  28  1039.2N 122.7E  9999.9   11.7    358    0.7 1022.19999.9  16.1   0.3   3.9 999.9 999.9
            XCS  28  1139.2N 122.7E  9999.9   13.3     43    1.4 1023.09999.9  16.3   0.3   3.8 999.9 999.9
            XCS  28  1239.2N 122.7E  9999.9   16.2     81    1.5 1023.59999.9  16.4   0.3   3.5 999.9 999.9
            XCS  28  1339.2N 122.7E  9999.9   17.2     73    2.5 1023.59999.9  16.5   0.4   3.3 999.9 999.9
            XCS  28  1439.2N 122.7E  9999.9   17.7     65    3.9 1023.39999.9  16.6   0.3   3.2 999.9 999.9
            XCS  28  1539.2N 122.7E  9999.9   17.6     72    3.0 1022.99999.9  16.7   0.3   3.4 999.9 999.9
            XCS  28  1639.2N 122.7E  9999.9   17.4     67    3.5 1022.39999.9  16.6   0.3   3.4 999.9 999.9
            XCS  28  1739.2N 122.7E  9999.9   17.6     88    1.6 1022.09999.9  16.6   0.4   3.4 999.9 999.9
            XCS  28  1839.2N 122.7E  9999.9   16.3     79    1.5 1022.19999.9  16.6   0.3   3.4 999.9 999.9
            XCS  28  1939.2N 122.7E  9999.9   14.9    102    0.9 1022.49999.9  16.6   0.3   3.6 999.9 999.9
            XCS  28  2039.2N 122.7E  9999.9   14.1    144    0.9 1022.69999.9  16.5   0.3   3.6 999.9 999.9
            XCS  28  2139.2N 122.7E  9999.9   13.2     36    0.5 1022.99999.9  16.5   0.3   3.5 999.9 999.9
            XCS  28  2239.2N 122.7E  9999.9   12.9      C    0.0 1023.39999.9  16.4   0.3   3.5 999.9 999.9
            XCS  28  2339.2N 122.7E  9999.9   13.2     77    0.1 1023.39999.9  16.4   0.2   3.3 999.9 999.9
            XCS  29  0039.2N 122.7E  9999.9   13.8     77    0.1 1023.29999.9  16.4   0.2   3.4 999.9 999.9
            XCS  29  0139.2N 122.7E  9999.9   13.2    245    0.1 1023.29999.9  16.4   0.2   3.4 999.9 999.9
            XCS  29  0239.2N 122.7E  9999.9   12.2     65    1.4 1022.89999.9  16.4   0.2   3.4 999.9 999.9
            XCS  29  0339.2N 122.7E  9999.9   13.1    303    1.1 1022.99999.9  16.4   0.2   3.6 999.9 999.9
            XCS  29  0439.2N 122.7E  9999.9   12.9    332    2.2 1023.09999.9  16.4   0.1   3.8 999.9 999.9
            XCS  29  0539.2N 122.7E  9999.9   12.4    352    2.4 1023.19999.9  16.3   0.1   3.9 999.9 999.9
            XCS  29  0639.2N 122.7E  9999.9   12.6     31    2.0 1022.99999.9  16.3   0.1   3.5 999.9 999.9
            XCS  29  0739.2N 122.7E  9999.9   12.4     45    1.6 1022.99999.9  16.3   0.1   4.0 999.9 999.9
            XCS  29  0839.2N 122.7E  9999.9   12.2     84    1.6 1022.59999.9  16.3   0.2   3.8 999.9 999.9
            XCS  29  0939.2N 122.7E  9999.9   12.5     65    1.4 1022.79999.9  16.3   0.2   3.5 999.9 999.9
            XCS  29  1039.2N 122.7E  9999.9   12.2     64    1.6 1022.99999.9  16.4   0.2   2.8 999.9 999.9
            XCS  29  1139.2N 122.7E  9999.9   14.2     82    1.5 1023.59999.9  16.5   0.2   2.9 999.9 999.9
            XCS  29  1239.2N 122.7E  9999.9   17.2    113    2.8 1023.49999.9  16.6   0.2   3.3 999.9 999.9
            XCS  29  1339.2N 122.7E  9999.9   18.8    124    1.8 1023.19999.9  16.7   0.2   3.6 999.9 999.9
            XCS  29  1439.2N 122.7E  9999.9   19.1    143    1.2 1022.49999.9  16.8   0.2   4.0 999.9 999.9
            XCS  29  1539.2N 122.7E  9999.9   19.0    151    1.1 1021.89999.9  16.9   0.2   3.4 999.9 999.9
            XCS  29  1639.2N 122.7E  9999.9   19.0    162    0.7 1021.29999.9  16.7   0.2   3.6 999.9 999.9
            XCS  29  1739.2N 122.7E  9999.9   17.7    139    1.4 1020.59999.9  16.8   0.2   3.6 999.9 999.9
            XCS  29  1839.2N 122.7E  9999.9   16.4    128    1.7 1020.29999.9  16.8   0.2   3.6 999.9 999.9
            XCS  29  1939.2N 122.7E  9999.9   15.9    144    1.5 1020.49999.9  16.9   0.3   3.8 999.9 999.9
            XCS  29  2039.2N 122.7E  9999.9   14.6    132    1.3 1020.39999.9  16.9   0.3   4.1 999.9 999.9
            XCS  29  2139.2N 122.7E  9999.9   13.8    131    1.6 1020.69999.9  16.8   0.4   4.2 999.9 999.9
            XCS  29  2239.2N 122.7E  9999.9   14.7    154    1.3 1020.89999.9  16.7   0.4   4.2 999.9 999.9
            XCS  29  2339.2N 122.7E  9999.9   14.2    147    1.1 1020.79999.9  16.7   0.3   4.0 999.9 999.9
            XCS  30  0039.2N 122.7E  9999.9   13.2    114    1.0 1020.79999.9  16.7   0.4   4.1 999.9 999.9
            XCS  30  0139.2N 122.7E  9999.9   13.0    162    1.3 1020.79999.9  16.6   0.3   3.9 999.9 999.9
            XCS  30  0239.2N 122.7E  9999.9   13.1    159    1.1 1020.79999.9  16.6   0.3   3.9 999.9 999.9
            XCS  30  0339.2N 122.7E  9999.9   13.2    195    0.6 1020.49999.9  16.6   0.3   3.7 999.9 999.9
            XCS  30  0439.2N 122.7E  9999.9   13.1    102    0.3 1020.19999.9  16.5   0.3   3.8 999.9 999.9
            XCS  30  0539.2N 122.7E  9999.9   13.5    147    1.1 1019.99999.9  16.5   0.3   3.7 999.9 999.9
            XCS  30  0639.2N 122.7E  9999.9   13.5    147    1.8 1019.79999.9  16.5   0.3   3.6 999.9 999.9
            XCS  30  0739.2N 122.7E  9999.9   13.5    110    1.6 1019.49999.9  16.5   0.2   3.5 999.9 999.9
            XCS  30  0839.2N 122.7E  9999.9   12.8    110    1.1 1019.79999.9  16.5   0.2   3.6 999.9 999.9
            XCS  30  0939.2N 122.7E  9999.9   13.1    108    1.5 1019.89999.9  16.5   0.2   3.4 999.9 999.9
            XCS  30  1039.2N 122.7E  9999.9   13.7    107    1.6 1020.19999.9  16.5   0.2   3.3 999.9 999.9
            XCS  30  1139.2N 122.7E  9999.9   15.8    110    2.1 1020.79999.9  16.5   0.3   3.1 999.9 999.9
            XCS  30  1239.2N 122.7E  9999.9   16.4    134    2.1 1020.89999.9  16.5   0.3   3.0 999.9 999.9
            XCS  30  1339.2N 122.7E  9999.9   17.0    129    2.3 1020.79999.9  16.5   0.3   2.9 999.9 999.9
            XCS  30  1439.2N 122.7E  9999.9   16.4    126    2.9 1020.19999.9  16.5   0.3   3.0 999.9 999.9
            XCS  30  1539.2N 122.7E  9999.9   16.5    153    1.6 1019.99999.9  16.5   0.3   3.2 999.9 999.9
            XCS  30  1639.2N 122.7E  9999.9   16.6    155    2.0 1019.49999.9  16.5   0.3   3.5 999.9 999.9
            XCS  30  1739.2N 122.7E  9999.9   16.4    186    1.2 1019.29999.9  16.4   0.3   3.9 999.9 999.9
            XCS  30  1839.2N 122.7E  9999.9   16.2    236    0.5 1019.39999.9  16.5   0.3   3.7 999.9 999.9
            XCS  30  1939.2N 122.7E  9999.9   15.8    216    1.6 1019.49999.9  16.5   0.3   3.6 999.9 999.9
            XCS  30  2039.2N 122.7E  9999.9   13.2      1    3.3 1019.99999.9  16.4   0.3   3.5 999.9 999.9
            XCS  30  2139.2N 122.7E  9999.9   13.1     40    5.0 1020.39999.9  16.4   0.3   3.3 999.9 999.9
            XCS  30  2239.2N 122.7E  9999.9   13.0     45    2.9 1020.59999.9  16.4   0.3   3.4 999.9 999.9
            XCS  30  2339.2N 122.7E  9999.9   12.7     62    1.8 1020.89999.9  16.4   0.3   3.5 999.9 999.9
            XCS  31  0039.2N 122.7E  9999.9   12.6     47    1.4 1021.29999.9  16.4   0.2   3.6 999.9 999.9
            XCS  31  0139.2N 122.7E  9999.9   12.6    357    1.2 1021.49999.9  16.3   0.3   3.6 999.9 999.9
            XCS  31  0239.2N 122.7E  9999.9   12.3    355    2.8 1021.49999.9  16.3   0.3   3.3 999.9 999.9
            XCS  31  0339.2N 122.7E  9999.9   12.6      3    3.1 1021.49999.9  16.3   0.2   3.8 999.9 999.9
            XCS  31  0439.2N 122.7E  9999.9   12.7    348    2.4 1021.49999.9  16.3   0.2   3.8 999.9 999.9
            XCS  31  0539.2N 122.7E  9999.9   12.7     15    2.5 1021.29999.9  16.3   0.2   3.9 999.9 999.9
            XCS  31  0639.2N 122.7E  9999.9   12.6     27    2.6 1020.69999.9  16.3   0.2   4.1 999.9 999.9
            XCS  31  0739.2N 122.7E  9999.9   12.9     31    3.4 1020.69999.9  16.3   0.2   4.2 999.9 999.9
            XCS  31  0839.2N 122.7E  9999.9   12.8     41    3.1 1021.29999.9  16.2   0.2   4.2 999.9 999.9
            XCS  31  0939.2N 122.7E  9999.9   13.0     41    4.0 1021.19999.9  16.3   0.2   4.7 999.9 999.9
            XCS  31  1039.2N 122.7E  9999.9   12.0    344    4.4 1022.29999.9  16.3   0.2   3.6 999.9 999.9
            XCS  31  1139.2N 122.7E  9999.9   11.1    326    6.7 1023.09999.9  16.3   0.2   3.6 999.9 999.9
            XCS  31  1239.2N 122.7E  9999.9   11.6     28    6.8 1022.49999.9  16.3   0.3   3.6 999.9 999.9
            XCS  31  1339.2N 122.7E  9999.9   12.7     49    3.5 1022.39999.9  16.4   0.3   3.9 999.9 999.9
            XCS  31  1439.2N 122.7E  9999.9   13.5     23    4.8 1021.99999.9  16.5   0.2   3.9 999.9 999.9
            XCS  31  1539.2N 122.7E  9999.9   13.9    357    4.4 1021.79999.9  16.5   0.3   4.2 999.9 999.9
            XCS  31  1639.2N 122.7E  9999.9   14.7    325    3.9 1021.59999.9  16.4   0.2   3.7 999.9 999.9
            XCS  31  1739.2N 122.7E  9999.9   13.4    325    5.9 1021.39999.9  16.4   0.2   4.7 999.9 999.9
            XCS  31  1839.2N 122.7E  9999.9   12.6    322    4.5 1021.59999.9  16.4   0.2   4.5 999.9 999.9
            XCS  31  1939.2N 122.7E  9999.9   11.4    317    6.0 1021.99999.9  16.4   0.2   5.1 999.9 999.9
            XCS  31  2039.2N 122.7E  9999.9   10.2    316    7.3 1022.49999.9  16.3   0.2   4.8 999.9 999.9
            XCS  31  2139.2N 122.7E  9999.9    8.5    327    7.0 1023.49999.9  16.3   0.2   4.2 999.9 999.9
            XCS  31  2239.2N 122.7E  9999.9    8.0    324    6.1 1023.89999.9  16.2   0.2   4.3 999.9 999.9
            XCS  31  2339.2N 122.7E  9999.9    7.7    334    5.1 1024.39999.9  16.2   0.2   4.6 999.9 999.9
