            BSG  01  0026.7N 120.3E  9999.9   25.6     50    2.0 1006.29999.9  26.4   0.6   6.9 999.9 999.9
            BSG  01  0126.7N 120.3E  9999.9   25.5     34    2.5 1006.39999.9  26.4   0.6   7.1 999.9 999.9
            BSG  01  0226.7N 120.3E  9999.9   25.5     34    2.4 1006.09999.9  26.4 999.9 999.9 999.9 999.9
            BSG  01  0326.7N 120.3E  9999.9   25.4     33    2.5 1005.99999.9  26.4   0.7   6.4 999.9 999.9
            BSG  01  0426.7N 120.3E  9999.9   25.2     24    3.1 1005.69999.9  26.4 999.9 999.9 999.9 999.9
            BSG  01  0526.7N 120.3E  9999.9   25.1     21    3.0 1005.49999.9  26.3   0.7   7.2 999.9 999.9
            BSG  01  0626.7N 120.3E  9999.9   25.0     20    3.5 1005.39999.9  26.3   0.6   6.6 999.9 999.9
            BSG  01  0726.7N 120.3E  9999.9   25.0      8    4.0 1005.19999.9  26.3   0.6   6.4 999.9 999.9
            BSG  01  0826.7N 120.3E  9999.9   24.9     23    3.0 1005.39999.9  26.3   0.6   6.4 999.9 999.9
            BSG  01  0926.7N 120.3E  9999.9   24.9      6    4.1 1005.69999.9  26.3   0.6   5.3 999.9 999.9
            BSG  01  1026.7N 120.3E  9999.9   25.4     12    4.6 1006.09999.9  26.4   0.6   5.0 999.9 999.9
            BSG  01  1126.7N 120.3E  9999.9   27.1     15    5.1 1006.89999.9  26.4   0.6   4.9 999.9 999.9
            BSG  01  1226.7N 120.3E  9999.9   27.7     14    5.8 1007.19999.9  26.5   0.6   5.0 999.9 999.9
            BSG  01  1326.7N 120.3E  9999.9   28.9     11    5.7 1007.19999.9  26.8   0.7   5.3 999.9 999.9
            BSG  01  1426.7N 120.3E  9999.9   29.2     18    5.7 1006.99999.9  26.9   0.7   5.8 999.9 999.9
            BSG  01  1526.7N 120.3E  9999.9   29.4     38    3.7 1006.39999.9  26.9 999.9 999.9 999.9 999.9
            BSG  01  1626.7N 120.3E  9999.9   29.1     57    4.3 1005.89999.9  26.8   0.6   6.1 999.9 999.9
            BSG  01  1726.7N 120.3E  9999.9   28.9     57    4.1 1005.59999.9  26.7   0.6   5.9 999.9 999.9
            BSG  01  1826.7N 120.3E  9999.9   28.1     63    4.9 1005.49999.9  26.6   0.5   5.8 999.9 999.9
            BSG  01  1926.7N 120.3E  9999.9   27.6     52    3.5 1005.49999.9  26.5   0.5   6.0 999.9 999.9
            BSG  01  2026.7N 120.3E  9999.9   26.8     57    3.4 1005.59999.9  26.5   0.5   5.8 999.9 999.9
            BSG  01  2126.7N 120.3E  9999.9   26.0     74    3.7 1005.49999.9  26.4 999.9 999.9 999.9 999.9
            BSG  01  2226.7N 120.3E  9999.9   25.7     75    3.6 1005.59999.9  26.4   0.5   6.2 999.9 999.9
            BSG  01  2326.7N 120.3E  9999.9   25.7     66    3.4 1006.19999.9  26.4   0.5   6.0 999.9 999.9
            BSG  02  0026.7N 120.3E  9999.9   25.6     35    2.0 1006.59999.9  26.4   0.5   6.2 999.9 999.9
            BSG  02  0126.7N 120.3E  9999.9   25.6     29    2.6 1006.59999.9  26.4   0.6   5.9 999.9 999.9
            BSG  02  0226.7N 120.3E  9999.9   25.6     23    2.9 1006.39999.9  26.4   0.6   5.9 999.9 999.9
            BSG  02  0326.7N 120.3E  9999.9   25.6     38    2.8 1006.29999.9  26.4   0.6   5.8 999.9 999.9
            BSG  02  0426.7N 120.3E  9999.9   25.5     38    2.9 1005.89999.9  26.4   0.6   5.9 999.9 999.9
            BSG  02  0526.7N 120.3E  9999.9   25.5     35    2.9 1005.59999.9  26.4   0.6   6.2 999.9 999.9
            BSG  02  0626.7N 120.3E  9999.9   25.3     26    3.5 1005.29999.9  26.4   0.5   5.8 999.9 999.9
            BSG  02  0726.7N 120.3E  9999.9   25.3     16    3.8 1004.99999.9  26.3   0.6   5.2 999.9 999.9
            BSG  02  0826.7N 120.3E  9999.9   25.3    358    4.3 1005.09999.9  26.3   0.5   5.0 999.9 999.9
            BSG  02  0926.7N 120.3E  9999.9   25.3      5    4.2 1005.39999.9  26.4 999.9 999.9 999.9 999.9
            BSG  02  1026.7N 120.3E  9999.9   25.9    345    4.2 1005.79999.9  26.5   0.6   4.4 999.9 999.9
            BSG  02  1126.7N 120.3E  9999.9   26.7    353    4.8 1006.29999.9  26.6   0.6   4.5 999.9 999.9
            BSG  02  1226.7N 120.3E  9999.9   28.1      1    4.8 1006.49999.9  26.6 999.9 999.9 999.9 999.9
            BSG  02  1326.7N 120.3E  9999.9   29.0     12    5.3 1006.59999.9  26.7   0.6   3.6 999.9 999.9
            BSG  02  1426.7N 120.3E  9999.9   29.9     10    6.7 1005.99999.9  26.8   0.6   3.9 999.9 999.9
            BSG  02  1526.7N 120.3E  9999.9   29.9     14    5.6 1005.49999.9  27.0   0.6   4.1 999.9 999.9
            BSG  02  1626.7N 120.3E  9999.9   29.7     56    4.2 1004.79999.9  26.9   0.7   4.6 999.9 999.9
            BSG  02  1726.7N 120.3E  9999.9   29.5     67    4.0 1004.49999.9  26.8   0.6   4.8 999.9 999.9
            BSG  02  1826.7N 120.3E  9999.9   29.3     84    4.9 1004.19999.9  26.7 999.9 999.9 999.9 999.9
            BSG  02  1926.7N 120.3E  9999.9   28.4     86    5.1 1004.39999.9  26.6   0.5   5.1 999.9 999.9
            BSG  02  2026.7N 120.3E  9999.9   27.8     89    5.2 1004.79999.9  26.6 999.9 999.9 999.9 999.9
            BSG  02  2126.7N 120.3E  9999.9   26.5    118    4.2 1005.09999.9  26.5 999.9 999.9 999.9 999.9
            BSG  02  2226.7N 120.3E  9999.9   26.3    117    5.0 1005.49999.9  26.5   0.5   5.0 999.9 999.9
            BSG  02  2326.7N 120.3E  9999.9   26.2    116    3.6 1005.99999.9  26.6   0.5   4.3 999.9 999.9
            BSG  03  0026.7N 120.3E  9999.9   26.0     81    2.2 1006.49999.9  26.6 999.9 999.9 999.9 999.9
            BSG  03  0126.7N 120.3E  9999.9   26.1     45    1.3 1006.49999.9  26.6   0.5   4.6 999.9 999.9
            BSG  03  0226.7N 120.3E  9999.9   25.9     41    2.3 1006.29999.9  26.6 999.9 999.9 999.9 999.9
            BSG  03  0326.7N 120.3E  9999.9   25.8     37    3.0 1005.99999.9  26.6 999.9 999.9 999.9 999.9
            BSG  03  0426.7N 120.3E  9999.9   25.9     27    3.3 1005.69999.9  26.6 999.9 999.9 999.9 999.9
            BSG  03  0526.7N 120.3E  9999.9   25.8      3    2.5 1005.29999.9  26.6 999.9 999.9 999.9 999.9
            BSG  03  0626.7N 120.3E  9999.9   25.6     33    1.9 1005.19999.9  26.5   0.6   5.4 999.9 999.9
            BSG  03  0726.7N 120.3E  9999.9   25.5     38    2.8 1005.19999.9  26.5   0.6   5.3 999.9 999.9
            BSG  03  0826.7N 120.3E  9999.9   25.4     31    3.0 1005.09999.9  26.5   0.7   5.5 999.9 999.9
            BSG  03  0926.7N 120.3E  9999.9   25.4     34    3.1 1005.39999.9  26.8   0.7   5.0 999.9 999.9
            BSG  03  1026.7N 120.3E  9999.9   25.8     25    3.4 1005.99999.9  26.9   0.7   5.1 999.9 999.9
            BSG  03  1126.7N 120.3E  9999.9   27.5     13    3.7 1006.39999.9  26.9   0.7   4.6 999.9 999.9
            BSG  03  1226.7N 120.3E  9999.9   29.1     10    4.3 1006.89999.9  26.9   0.5   4.7 999.9 999.9
            BSG  03  1326.7N 120.3E  9999.9   30.0     13    4.5 1006.89999.9  26.9   0.6   4.7 999.9 999.9
            BSG  03  1426.7N 120.3E  9999.9   30.3     48    2.8 1006.49999.9  26.9  99.7  99.7 999.9 999.9
            BSG  03  1526.7N 120.3E  9999.9   29.4     65    4.3 1005.99999.9  27.0   0.6   4.9 999.9 999.9
            BSG  03  1626.7N 120.3E  9999.9   29.8     85    5.0 1005.29999.9  27.0 999.9 999.9 999.9 999.9
            BSG  03  1726.7N 120.3E  9999.9   31.9    122    2.6 1004.89999.9  27.0  99.7  99.7 999.9 999.9
            BSG  03  1826.7N 120.3E  9999.9   31.6    118    3.9 1004.59999.9  27.0   0.5   5.3 999.9 999.9
            BSG  03  1926.7N 120.3E  9999.9   31.0    117    4.8 1004.69999.9  26.9   0.5   5.0 999.9 999.9
            BSG  03  2026.7N 120.3E  9999.9   29.2    121    3.9 1004.99999.9  26.9   0.5   5.0 999.9 999.9
            BSG  03  2126.7N 120.3E  9999.9   27.0    117    3.2 1004.99999.9  26.8   0.4   4.9 999.9 999.9
            BSG  03  2226.7N 120.3E  9999.9   26.4    123    3.1 1005.19999.9  26.8 999.9 999.9 999.9 999.9
            BSG  03  2326.7N 120.3E  9999.9   26.2    117    2.9 1005.89999.9  26.8   0.5   4.8 999.9 999.9
            BSG  04  0026.7N 120.3E  9999.9   25.8    113    1.2 1006.39999.9  26.8   0.6   4.7 999.9 999.9
            BSG  04  0126.7N 120.3E  9999.9   25.6     78    1.3 1006.49999.9  26.8   0.7   4.9 999.9 999.9
            BSG  04  0226.7N 120.3E  9999.9   25.6     55    1.4 1006.09999.9  26.8 999.9 999.9 999.9 999.9
            BSG  04  0326.7N 120.3E  9999.9   25.3     14    1.5 1005.69999.9  26.8   0.7   4.9 999.9 999.9
            BSG  04  0426.7N 120.3E  9999.9   25.0     11    1.3 1005.39999.9  26.8   0.7   4.9 999.9 999.9
            BSG  04  0526.7N 120.3E  9999.9   24.8     14    1.7 1004.99999.9  26.8 999.9 999.9 999.9 999.9
            BSG  04  0626.7N 120.3E  9999.9   24.6     21    1.4 1004.79999.9  26.8   0.6   4.9 999.9 999.9
            BSG  04  0726.7N 120.3E  9999.9   24.8     43    1.6 1004.69999.9  26.8   0.7   5.1 999.9 999.9
            BSG  04  0826.7N 120.3E  9999.9   24.9     54    2.3 1005.09999.9  26.8   0.7   5.1 999.9 999.9
            BSG  04  0926.7N 120.3E  9999.9   25.0     55    2.3 1005.59999.9  26.8   0.5   5.3 999.9 999.9
            BSG  04  1026.7N 120.3E  9999.9   25.7     86    1.4 1005.89999.9  27.0 999.9 999.9 999.9 999.9
            BSG  04  1126.7N 120.3E  9999.9   28.2    125    1.4 1006.39999.9  27.2   0.5   4.9 999.9 999.9
            BSG  04  1226.7N 120.3E  9999.9   29.7    127    0.8 1006.59999.9  27.4 999.9 999.9 999.9 999.9
            BSG  04  1326.7N 120.3E  9999.9   30.2    148    0.7 1006.69999.9  27.6   0.5   4.7 999.9 999.9
            BSG  04  1426.7N 120.3E  9999.9   30.7    128    0.7 1006.19999.9  27.7  99.7  99.7 999.9 999.9
            BSG  04  1526.7N 120.3E  9999.9   30.2      9    0.8 1005.29999.9  27.6   0.5   4.5 999.9 999.9
            BSG  04  1626.7N 120.3E  9999.9   30.5    134    2.5 1004.59999.9  27.6   0.5   4.7 999.9 999.9
            BSG  04  1726.7N 120.3E  9999.9   31.0    130    3.4 1004.29999.9  27.5   0.6   4.0 999.9 999.9
            BSG  04  1826.7N 120.3E  9999.9   31.6    121    4.2 1004.19999.9  27.3   0.6   4.0 999.9 999.9
            BSG  04  1926.7N 120.3E  9999.9   29.1     92    5.4 1004.49999.9  27.3   0.6   4.3 999.9 999.9
            BSG  04  2026.7N 120.3E  9999.9   27.8     85    4.9 1005.29999.9  27.3   0.6   4.2 999.9 999.9
            BSG  04  2126.7N 120.3E  9999.9   26.8     78    4.5 1005.69999.9  27.3   1.0   3.8 999.9 999.9
            BSG  04  2226.7N 120.3E  9999.9   27.1     78    3.9 1006.59999.9  27.1   1.6   4.7 999.9 999.9
            BSG  04  2326.7N 120.3E  9999.9   27.1     75    3.9 1007.39999.9  26.9 999.9 999.9 999.9 999.9
            BSG  05  0026.7N 120.3E  9999.9   25.3     81   10.0 1008.29999.9  26.9   2.0   5.8 999.9 999.9
            BSG  05  0126.7N 120.3E  9999.9   25.0     73    6.5 1008.59999.9  26.8   2.3   6.3 999.9 999.9
            BSG  05  0226.7N 120.3E  9999.9   24.8     78    8.0 1008.39999.9  26.8   2.4   6.3 999.9 999.9
            BSG  05  0326.7N 120.3E  9999.9   24.7     65    5.6 1008.49999.9  26.8   2.6   6.3 999.9 999.9
            BSG  05  0426.7N 120.3E  9999.9   24.5     17    7.1 1008.29999.9  26.7 999.9 999.9 999.9 999.9
            BSG  05  0526.7N 120.3E  9999.9   24.4     14    8.3 1007.89999.9  26.8   2.4   6.2 999.9 999.9
            BSG  05  0626.7N 120.3E  9999.9   24.1     22    7.7 1007.99999.9  26.8   2.4   6.5 999.9 999.9
            BSG  05  0726.7N 120.3E  9999.9   23.9     29    7.1 1007.99999.9  26.8   2.7   6.7 999.9 999.9
            BSG  05  0826.7N 120.3E  9999.9   23.9     47    5.9 1008.49999.9  26.8   2.3   6.2 999.9 999.9
            BSG  05  0926.7N 120.3E  9999.9   23.6     16    8.3 1008.99999.9  26.7 999.9 999.9 999.9 999.9
            BSG  05  1026.7N 120.3E  9999.9   23.5     23    8.9 1009.79999.9  26.7   2.2   6.6 999.9 999.9
            BSG  05  1126.7N 120.3E  9999.9   23.3     18   10.6 1010.39999.9  26.7   2.2   6.5 999.9 999.9
            BSG  05  1226.7N 120.3E  9999.9   23.2     20   10.1 1010.99999.9  26.8 999.9 999.9 999.9 999.9
            BSG  05  1326.7N 120.3E  9999.9   23.4     17    9.4 1011.09999.9  26.7 999.9 999.9 999.9 999.9
            BSG  05  1426.7N 120.3E  9999.9   23.4     18    8.9 1010.89999.9  26.7  99.7  99.7 999.9 999.9
            BSG  05  1526.7N 120.3E  9999.9   23.3     20    7.5 1009.99999.9  26.6   1.9   6.2 999.9 999.9
            BSG  05  1626.7N 120.3E  9999.9   23.0     19    9.1 1009.39999.9  26.6   1.7   5.6 999.9 999.9
            BSG  05  1726.7N 120.3E  9999.9   22.9     22    8.4 1008.99999.9  26.5  99.7  99.7 999.9 999.9
            BSG  05  1826.7N 120.3E  9999.9   22.9     21    7.8 1008.59999.9  26.7   1.8   5.7 999.9 999.9
            BSG  05  1926.7N 120.3E  9999.9   23.0     22    7.4 1008.79999.9  26.6   1.7   5.6 999.9 999.9
            BSG  05  2026.7N 120.3E  9999.9   22.7     21    7.9 1008.79999.9  26.6 999.9 999.9 999.9 999.9
            BSG  05  2126.7N 120.3E  9999.9   22.3     22   11.7 1008.79999.9  26.6   1.6   5.6 999.9 999.9
            BSG  05  2226.7N 120.3E  9999.9   22.5     20   10.6 1009.39999.9  26.6 999.9 999.9 999.9 999.9
            BSG  05  2326.7N 120.3E  9999.9   22.9     28    5.6 1010.49999.9  26.6   1.5   5.5 999.9 999.9
            BSG  06  0026.7N 120.3E  9999.9   23.1     68    4.6 1010.99999.9  26.5   1.6   5.5 999.9 999.9
            BSG  06  0126.7N 120.3E  9999.9   22.9     76    5.0 1010.89999.9  26.5   1.5   5.3 999.9 999.9
            BSG  06  0226.7N 120.3E  9999.9   23.2     29    5.0 1010.49999.9  26.5 999.9 999.9 999.9 999.9
            BSG  06  0326.7N 120.3E  9999.9   23.1     21    8.2 1010.09999.9  26.5   1.6   5.1 999.9 999.9
            BSG  06  0426.7N 120.3E  9999.9   23.1     19    9.0 1009.39999.9  26.4   1.7   5.1 999.9 999.9
            BSG  06  0526.7N 120.3E  9999.9   22.7     21   11.6 1008.89999.9  26.3   1.8   5.2 999.9 999.9
            BSG  06  0626.7N 120.3E  9999.9   22.6     22   12.3 1008.89999.9  26.3   1.7   5.0 999.9 999.9
            BSG  06  0726.7N 120.3E  9999.9   22.5     23   10.4 1009.09999.9  26.3 999.9 999.9 999.9 999.9
            BSG  06  0826.7N 120.3E  9999.9   21.8     22   11.6 1009.19999.9  26.3   1.5   5.1 999.9 999.9
            BSG  06  0926.7N 120.3E  9999.9   22.0     23   11.3 1009.39999.9  26.3   1.4   5.2 999.9 999.9
            BSG  06  1026.7N 120.3E  9999.9   22.2     23   10.5 1009.99999.9  26.4 999.9 999.9 999.9 999.9
            BSG  06  1126.7N 120.3E  9999.9   22.8     23   10.9 1010.09999.9  26.4   1.3   5.3 999.9 999.9
            BSG  06  1226.7N 120.3E  9999.9   23.4     21    9.6 1010.39999.9  26.3 999.9 999.9 999.9 999.9
            BSG  06  1326.7N 120.3E  9999.9   23.6     17    7.6 1010.69999.9  26.3   1.3   5.0 999.9 999.9
            BSG  06  1426.7N 120.3E  9999.9   22.6     21    9.2 1010.09999.9  26.3   1.4   5.1 999.9 999.9
            BSG  06  1526.7N 120.3E  9999.9   23.0     20    9.7 1009.39999.9  26.3   1.3   4.8 999.9 999.9
            BSG  06  1626.7N 120.3E  9999.9   23.4     17    8.6 1008.59999.9  26.2   1.4   4.6 999.9 999.9
            BSG  06  1726.7N 120.3E  9999.9   24.2     17    7.4 1007.89999.9  26.1   1.3   4.8 999.9 999.9
            BSG  06  1826.7N 120.3E  9999.9   23.2     19    8.0 1007.59999.9  26.1   1.2   4.7 999.9 999.9
            BSG  06  1926.7N 120.3E  9999.9   22.9     21    8.0 1007.79999.9  26.2 999.9 999.9 999.9 999.9
            BSG  06  2026.7N 120.3E  9999.9   23.0     16    6.6 1007.89999.9  26.2   1.2   4.5 999.9 999.9
            BSG  06  2126.7N 120.3E  9999.9   23.0     19    6.1 1008.29999.9  26.2   1.2   4.8 999.9 999.9
            BSG  06  2226.7N 120.3E  9999.9   23.2     56    3.4 1008.79999.9  26.2   1.1   5.0 999.9 999.9
            BSG  06  2326.7N 120.3E  9999.9   23.4     42    3.3 1009.69999.9  26.2 999.9 999.9 999.9 999.9
            BSG  07  0026.7N 120.3E  9999.9   23.5     23    5.4 1009.99999.9  26.2 999.9 999.9 999.9 999.9
            BSG  07  0126.7N 120.3E  9999.9   23.5     22    6.3 1009.99999.9  26.1   1.0   5.1 999.9 999.9
            BSG  07  0226.7N 120.3E  9999.9   23.2     22    7.0 1009.69999.9  26.1   1.1   5.2 999.9 999.9
            BSG  07  0326.7N 120.3E  9999.9   23.1     22    6.5 1009.39999.9  26.2   1.0   4.6 999.9 999.9
            BSG  07  0426.7N 120.3E  9999.9   23.2     23    7.6 1008.99999.9  26.2   1.0   4.8 999.9 999.9
            BSG  07  0526.7N 120.3E  9999.9   22.8     22    6.8 1008.59999.9  26.1   1.0   4.6 999.9 999.9
            BSG  07  0626.7N 120.3E  9999.9   22.9     23    6.2 1008.19999.9  26.0 999.9 999.9 999.9 999.9
            BSG  07  0726.7N 120.3E  9999.9   23.1     19    7.3 1007.89999.9  26.1   1.0   4.4 999.9 999.9
            BSG  07  0826.7N 120.3E  9999.9   23.0     17    7.5 1008.19999.9  26.1   1.1   4.5 999.9 999.9
            BSG  07  0926.7N 120.3E  9999.9   23.1     21    7.8 1008.59999.9  26.1 999.9 999.9 999.9 999.9
            BSG  07  1026.7N 120.3E  9999.9   22.8     22    9.6 1008.99999.9  26.1 999.9 999.9 999.9 999.9
            BSG  07  1126.7N 120.3E  9999.9   23.0     22   10.3 1009.49999.9  26.1  99.7  99.7 999.9 999.9
            BSG  07  1226.7N 120.3E  9999.9   23.3     18    7.9 1009.59999.9  26.1   1.5   5.1 999.9 999.9
            BSG  07  1326.7N 120.3E  9999.9   23.1     21   11.5 1009.49999.9  26.1   2.0   5.6 999.9 999.9
            BSG  07  1426.7N 120.3E  9999.9   22.7     16    9.7 1009.29999.9  26.1   2.0   5.7 999.9 999.9
            BSG  07  1526.7N 120.3E  9999.9   22.2     21   10.3 1008.69999.9  26.1 999.9 999.9 999.9 999.9
            BSG  07  1626.7N 120.3E  9999.9   22.1     20   11.7 1008.19999.9  26.0 999.9 999.9 999.9 999.9
            BSG  07  1726.7N 120.3E  9999.9   21.7     20   11.8 1008.09999.9  25.9   2.2   5.8 999.9 999.9
            BSG  07  1826.7N 120.3E  9999.9   21.5     19   10.3 1008.19999.9  25.7   2.1   5.6 999.9 999.9
            BSG  07  1926.7N 120.3E  9999.9   21.1     19   10.4 1008.39999.9  25.9   2.1   5.7 999.9 999.9
            BSG  07  2026.7N 120.3E  9999.9   20.4     21   14.6 1009.39999.9  26.0 999.9 999.9 999.9 999.9
            BSG  07  2126.7N 120.3E  9999.9   20.5     19   10.6 1009.69999.9  26.0 999.9 999.9 999.9 999.9
            BSG  07  2226.7N 120.3E  9999.9   21.1     22   13.3 1010.09999.9  25.9   1.9   5.5 999.9 999.9
            BSG  07  2326.7N 120.3E  9999.9   21.1     23   13.4 1010.89999.9  25.8   1.9   5.5 999.9 999.9
            BSG  08  0026.7N 120.3E  9999.9   20.4     22   14.4 1011.39999.9  25.8   1.8   5.5 999.9 999.9
            BSG  08  0126.7N 120.3E  9999.9   20.4     22   12.9 1011.59999.9  25.8 999.9 999.9 999.9 999.9
            BSG  08  0226.7N 120.3E  9999.9   20.6     22   12.7 1011.69999.9  25.7 999.9 999.9 999.9 999.9
            BSG  08  0326.7N 120.3E  9999.9   19.9     17   14.6 1011.49999.9  25.8   1.7   5.8 999.9 999.9
            BSG  08  0426.7N 120.3E  9999.9   19.9     18   12.5 1011.29999.9  25.8 999.9 999.9 999.9 999.9
            BSG  08  0526.7N 120.3E  9999.9   19.7     16   12.1 1010.79999.9  25.7   1.6   5.4 999.9 999.9
            BSG  08  0626.7N 120.3E  9999.9   19.8     20   11.4 1010.29999.9  25.6   1.7   5.6 999.9 999.9
            BSG  08  0726.7N 120.3E  9999.9   19.8     20   10.3 1010.19999.9  25.6   1.5   5.2 999.9 999.9
            BSG  08  0826.7N 120.3E  9999.9   20.1     22    9.9 1010.19999.9  25.7   1.6   5.3 999.9 999.9
            BSG  08  0926.7N 120.3E  9999.9   20.0     20   10.7 1010.29999.9  25.7   1.5   5.1 999.9 999.9
            BSG  08  1026.7N 120.3E  9999.9   20.0     17   11.5 1010.69999.9  25.7 999.9 999.9 999.9 999.9
            BSG  08  1126.7N 120.3E  9999.9   20.4     17   11.5 1011.29999.9  25.6   1.5   5.5 999.9 999.9
            BSG  08  1226.7N 120.3E  9999.9   20.3     15   12.2 1011.49999.9  25.7   1.5   5.6 999.9 999.9
            BSG  08  1326.7N 120.3E  9999.9   20.7     15   11.5 1011.49999.9  25.8 999.9 999.9 999.9 999.9
            BSG  08  1426.7N 120.3E  9999.9   20.8     15   11.8 1011.19999.9  25.8  99.7  99.7 999.9 999.9
            BSG  08  1526.7N 120.3E  9999.9   20.7     19   11.0 1010.49999.9  25.7   1.6   5.4 999.9 999.9
            BSG  08  1626.7N 120.3E  9999.9   20.7     20   11.4 1009.59999.9  25.7   1.6   5.5 999.9 999.9
            BSG  08  1726.7N 120.3E  9999.9   20.7     20   11.5 1008.99999.9  25.6   1.6   5.3 999.9 999.9
            BSG  08  1826.7N 120.3E  9999.9   20.8     18   11.2 1008.69999.9  25.5   1.5   5.4 999.9 999.9
            BSG  08  1926.7N 120.3E  9999.9   20.7     19   11.2 1008.79999.9  25.4   1.6   5.5 999.9 999.9
            BSG  08  2026.7N 120.3E  9999.9   20.7     18   11.0 1008.79999.9  25.6 999.9 999.9 999.9 999.9
            BSG  08  2126.7N 120.3E  9999.9   20.8     18   10.6 1009.19999.9  25.6   1.4   5.2 999.9 999.9
            BSG  08  2226.7N 120.3E  9999.9   20.9     16   10.8 1009.49999.9  25.6 999.9 999.9 999.9 999.9
            BSG  08  2326.7N 120.3E  9999.9   21.0     19   10.0 1010.29999.9  25.5   1.4   5.4 999.9 999.9
            BSG  09  0026.7N 120.3E  9999.9   21.0     21   10.3 1010.79999.9  25.5   1.3   5.8 999.9 999.9
            BSG  09  0126.7N 120.3E  9999.9   21.0     20   10.2 1010.89999.9  25.6   1.2   6.0 999.9 999.9
            BSG  09  0226.7N 120.3E  9999.9   21.0     21    9.9 1010.59999.9  25.6   1.2   5.7 999.9 999.9
            BSG  09  0326.7N 120.3E  9999.9   21.2     15    8.1 1010.29999.9  25.5 999.9 999.9 999.9 999.9
            BSG  09  0426.7N 120.3E  9999.9   20.8      8    8.1 1009.89999.9  25.5 999.9 999.9 999.9 999.9
            BSG  09  0526.7N 120.3E  9999.9   20.7     12    7.5 1009.39999.9  25.5   1.0   5.2 999.9 999.9
            BSG  09  0626.7N 120.3E  9999.9   20.4     18    6.5 1008.69999.9  25.4   1.1   5.1 999.9 999.9
            BSG  09  0726.7N 120.3E  9999.9   20.5     15    7.1 1008.49999.9  25.3   1.0   5.3 999.9 999.9
            BSG  09  0826.7N 120.3E  9999.9   20.7    357    7.4 1008.79999.9  25.4   1.0   5.2 999.9 999.9
            BSG  09  0926.7N 120.3E  9999.9   20.9    348    6.0 1009.29999.9  25.5   0.9   5.7 999.9 999.9
            BSG  09  1026.7N 120.3E  9999.9   21.5      4    6.0 1009.79999.9  25.6   0.9   6.1 999.9 999.9
            BSG  09  1126.7N 120.3E  9999.9   22.9     18    4.0 1010.39999.9  25.6   0.8   6.6 999.9 999.9
            BSG  09  1226.7N 120.3E  9999.9   24.6     48    2.5 1010.39999.9  25.5   0.9   6.8 999.9 999.9
            BSG  09  1326.7N 120.3E  9999.9   25.5     29    2.2 1009.99999.9  25.7   0.8   5.7 999.9 999.9
            BSG  09  1426.7N 120.3E  9999.9   26.1     16    4.2 1009.69999.9  25.8   0.9   6.0 999.9 999.9
            BSG  09  1526.7N 120.3E  9999.9   24.9     49    4.5 1009.19999.9  25.9   1.0   5.5 999.9 999.9
            BSG  09  1626.7N 120.3E  9999.9   25.3     58    4.4 1008.39999.9  26.0   1.0   4.8 999.9 999.9
            BSG  09  1726.7N 120.3E  9999.9   24.9     56    4.4 1007.79999.9  25.7   1.1   4.6 999.9 999.9
            BSG  09  1826.7N 120.3E  9999.9   24.8     34    4.4 1007.49999.9  25.5   1.3   4.7 999.9 999.9
            BSG  09  1926.7N 120.3E  9999.9   24.0     23    6.1 1007.79999.9  25.4   1.4   4.6 999.9 999.9
            BSG  09  2026.7N 120.3E  9999.9   23.2     24    8.8 1008.19999.9  25.4 999.9 999.9 999.9 999.9
            BSG  09  2126.7N 120.3E  9999.9   23.2     25    9.3 1008.89999.9  25.5   1.3   4.6 999.9 999.9
            BSG  09  2226.7N 120.3E  9999.9   23.1     21   10.7 1010.09999.9  25.4   1.5   4.9 999.9 999.9
            BSG  09  2326.7N 120.3E  9999.9   22.6     22   10.1 1011.19999.9  25.4   1.6   5.2 999.9 999.9
            BSG  10  0026.7N 120.3E  9999.9   22.4     22   10.5 1011.69999.9  25.3   1.4   5.3 999.9 999.9
            BSG  10  0126.7N 120.3E  9999.9   22.0     24   11.7 1012.09999.9  25.3   1.3   5.7 999.9 999.9
            BSG  10  0226.7N 120.3E  9999.9   21.6     20   12.0 1012.09999.9  25.3   1.4   5.8 999.9 999.9
            BSG  10  0326.7N 120.3E  9999.9   21.5     20   10.6 1012.09999.9  25.4 999.9 999.9 999.9 999.9
            BSG  10  0426.7N 120.3E  9999.9   21.4      2   10.6 1011.69999.9  25.3 999.9 999.9 999.9 999.9
            BSG  10  0526.7N 120.3E  9999.9   21.2      9   11.0 1011.49999.9  25.2   1.6   6.1 999.9 999.9
            BSG  10  0626.7N 120.3E  9999.9   20.7      2   11.1 1011.29999.9  25.1 999.9 999.9 999.9 999.9
            BSG  10  0726.7N 120.3E  9999.9   20.5      4   10.6 1011.49999.9  25.0   1.5   5.5 999.9 999.9
            BSG  10  0826.7N 120.3E  9999.9   20.4     11   11.6 1012.19999.9  25.0   1.5   5.2 999.9 999.9
            BSG  10  0926.7N 120.3E  9999.9   20.3      6   11.2 1012.69999.9  25.1   1.5   5.3 999.9 999.9
            BSG  10  1026.7N 120.3E  9999.9   20.2     11   11.7 1013.09999.9  25.1   1.6   5.3 999.9 999.9
            BSG  10  1126.7N 120.3E  9999.9   20.2     13   12.3 1013.39999.9  25.3   1.6   6.0 999.9 999.9
            BSG  10  1226.7N 120.3E  9999.9   20.4     16    9.7 1013.79999.9  25.2   1.6   6.4 999.9 999.9
            BSG  10  1326.7N 120.3E  9999.9   21.5     16    9.5 1013.39999.9  25.2   1.7   6.5 999.9 999.9
            BSG  10  1426.7N 120.3E  9999.9   21.9      4   10.5 1012.89999.9  25.3   1.7   6.4 999.9 999.9
            BSG  10  1526.7N 120.3E  9999.9   21.4     18    9.5 1012.09999.9  25.3   1.7   6.7 999.9 999.9
            BSG  10  1626.7N 120.3E  9999.9   21.7     17    8.0 1010.99999.9  25.3   1.7   6.1 999.9 999.9
            BSG  10  1726.7N 120.3E  9999.9   21.4     62    5.2 1010.89999.9  25.1   1.6   5.9 999.9 999.9
            BSG  10  1826.7N 120.3E  9999.9   20.5     63    5.8 1010.59999.9  24.9   1.6   6.2 999.9 999.9
            BSG  10  1926.7N 120.3E  9999.9   20.9     80    7.0 1010.89999.9  24.8   1.7   5.8 999.9 999.9
            BSG  10  2026.7N 120.3E  9999.9   20.3     85    8.2 1011.19999.9  24.7 999.9 999.9 999.9 999.9
            BSG  10  2126.7N 120.3E  9999.9   19.8     78    7.6 1011.89999.9  24.9   1.7   5.3 999.9 999.9
            BSG  10  2226.7N 120.3E  9999.9   20.0     49    4.9 1012.29999.9  24.9 999.9 999.9 999.9 999.9
            BSG  10  2326.7N 120.3E  9999.9   19.9     41    4.7 1012.89999.9  24.9   1.8   5.5 999.9 999.9
            BSG  11  0026.7N 120.3E  9999.9   19.8     34    5.4 1012.79999.9  24.8   1.7   5.9 999.9 999.9
            BSG  11  0126.7N 120.3E  9999.9   19.7     27    6.6 1013.19999.9  24.7   1.7   5.9 999.9 999.9
            BSG  11  0226.7N 120.3E  9999.9   19.6     29    6.0 1012.89999.9  24.7   1.8   6.1 999.9 999.9
            BSG  11  0326.7N 120.3E  9999.9   19.3     25   10.0 1012.59999.9  24.6   1.9   6.2 999.9 999.9
            BSG  11  0426.7N 120.3E  9999.9   19.1     22    9.1 1012.59999.9  24.4   2.0   6.1 999.9 999.9
            BSG  11  0526.7N 120.3E  9999.9   18.6     22   11.5 1012.49999.9  24.1   2.1   6.3 999.9 999.9
            BSG  11  0626.7N 120.3E  9999.9   18.1     23   11.9 1012.29999.9  24.4   2.2   6.4 999.9 999.9
            BSG  11  0726.7N 120.3E  9999.9   17.5     21   12.5 1012.29999.9  24.2   2.2   6.0 999.9 999.9
            BSG  11  0826.7N 120.3E  9999.9   17.1     23   12.1 1012.59999.9  24.1   2.3   6.0 999.9 999.9
            BSG  11  0926.7N 120.3E  9999.9   16.8     21   14.6 1013.29999.9  24.3   2.2   5.7 999.9 999.9
            BSG  11  1026.7N 120.3E  9999.9   17.0     22   11.7 1014.19999.9  24.4   2.2   5.9 999.9 999.9
            BSG  11  1126.7N 120.3E  9999.9   16.7     21   12.8 1014.29999.9  24.5   2.1   6.1 999.9 999.9
            BSG  11  1226.7N 120.3E  9999.9   17.9     21   13.2 1014.29999.9  24.6   1.9   6.0 999.9 999.9
            BSG  11  1326.7N 120.3E  9999.9   18.1     21   13.3 1014.19999.9  24.5   1.9   6.1 999.9 999.9
            BSG  11  1426.7N 120.3E  9999.9   18.6     18   12.2 1013.79999.9  24.6   1.7   6.3 999.9 999.9
            BSG  11  1526.7N 120.3E  9999.9   18.8     18   12.0 1012.99999.9  24.6   1.6   6.2 999.9 999.9
            BSG  11  1626.7N 120.3E  9999.9   19.4     17   11.2 1012.29999.9  24.6   1.5   5.9 999.9 999.9
            BSG  11  1726.7N 120.3E  9999.9   19.4     18   11.4 1011.69999.9  24.5   1.6   5.5 999.9 999.9
            BSG  11  1826.7N 120.3E  9999.9   19.5     18   10.7 1011.69999.9  24.4   1.9   5.5 999.9 999.9
            BSG  11  1926.7N 120.3E  9999.9   19.2     19   10.7 1011.19999.9  24.2   1.9   5.7 999.9 999.9
            BSG  11  2026.7N 120.3E  9999.9   19.2     20   11.3 1011.29999.9  24.2 999.9 999.9 999.9 999.9
            BSG  11  2126.7N 120.3E  9999.9   19.1     23   10.0 1011.69999.9  24.1   2.0   5.5 999.9 999.9
            BSG  11  2226.7N 120.3E  9999.9   19.3     27    7.5 1011.99999.9  24.3   2.1   5.8 999.9 999.9
            BSG  11  2326.7N 120.3E  9999.9   19.4     23    9.6 1012.09999.9  24.2   2.1   6.0 999.9 999.9
            BSG  12  0026.7N 120.3E  9999.9   19.6     22   10.8 1012.29999.9  24.2   1.9   6.1 999.9 999.9
            BSG  12  0126.7N 120.3E  9999.9   19.7     21   11.7 1011.49999.9  24.1   2.0   6.4 999.9 999.9
            BSG  12  0226.7N 120.3E  9999.9   19.5     22   11.6 1011.19999.9  24.2   1.9   6.2 999.9 999.9
            BSG  12  0326.7N 120.3E  9999.9   19.5     18   12.9 1010.89999.9  24.1   1.8   6.0 999.9 999.9
            BSG  12  0426.7N 120.3E  9999.9   19.2     23   13.3 1010.69999.9  24.1   1.9   6.1 999.9 999.9
            BSG  12  0526.7N 120.3E  9999.9   18.9     17   13.9 1010.29999.9  24.0   2.0   6.1 999.9 999.9
            BSG  12  0626.7N 120.3E  9999.9   18.9     19   13.6 1010.29999.9  24.0   2.0   6.1 999.9 999.9
            BSG  12  0726.7N 120.3E  9999.9   18.6     19   13.7 1009.99999.9  23.9   2.0   6.1 999.9 999.9
            BSG  12  0826.7N 120.3E  9999.9   18.6     24   14.7 1010.09999.9  23.8   2.2   6.0 999.9 999.9
            BSG  12  0926.7N 120.3E  9999.9   18.7     22   15.1 1010.49999.9  23.6   2.0   5.7 999.9 999.9
            BSG  12  1026.7N 120.3E  9999.9   19.1     23   14.5 1010.89999.9  23.9   2.3   5.7 999.9 999.9
            BSG  12  1126.7N 120.3E  9999.9   19.6     20   15.6 1011.19999.9  24.0   2.5   6.2 999.9 999.9
            BSG  12  1226.7N 120.3E  9999.9   20.4     19   16.9 1011.29999.9  24.1   2.4   6.0 999.9 999.9
            BSG  12  1326.7N 120.3E  9999.9   20.6     23   16.9 1011.49999.9  24.1   2.2   6.1 999.9 999.9
            BSG  12  1426.7N 120.3E  9999.9   21.2     20   16.8 1011.39999.9  24.1   2.0   6.1 999.9 999.9
            BSG  12  1526.7N 120.3E  9999.9   21.4     22   16.9 1011.29999.9  24.2   2.1   6.3 999.9 999.9
            BSG  12  1626.7N 120.3E  9999.9   21.6     21   16.7 1010.39999.9  24.1   2.0   6.8 999.9 999.9
            BSG  12  1726.7N 120.3E  9999.9   21.8     19   14.1 1010.39999.9  24.0   2.3   6.3 999.9 999.9
            BSG  12  1826.7N 120.3E  9999.9   21.5     22   14.7 1010.09999.9  24.0   2.3   6.1 999.9 999.9
            BSG  12  1926.7N 120.3E  9999.9   21.8     20   12.7 1010.19999.9  24.0   2.4   6.3 999.9 999.9
            BSG  12  2026.7N 120.3E  9999.9   21.3     19   12.6 1010.19999.9  24.0   2.5   6.6 999.9 999.9
            BSG  12  2126.7N 120.3E  9999.9   21.1     15   10.4 1010.19999.9  23.8   2.5   6.0 999.9 999.9
            BSG  12  2226.7N 120.3E  9999.9   20.9     20   11.0 1010.79999.9  23.9   2.5   6.3 999.9 999.9
            BSG  12  2326.7N 120.3E  9999.9   20.7     20   11.9 1010.99999.9  23.9   2.4   6.4 999.9 999.9
            BSG  13  0026.7N 120.3E  9999.9   20.7     19   13.1 1011.19999.9  23.8   2.4   6.3 999.9 999.9
            BSG  13  0126.7N 120.3E  9999.9   20.6     23   15.5 1010.99999.9  23.8   2.3   6.8 999.9 999.9
            BSG  13  0226.7N 120.3E  9999.9   20.4     23   14.5 1010.49999.9  23.7   2.1   6.5 999.9 999.9
            BSG  13  0326.7N 120.3E  9999.9   20.1     20   14.7 1010.29999.9  23.7   2.3   6.9 999.9 999.9
            BSG  13  0426.7N 120.3E  9999.9   19.7     19   14.4 1009.69999.9  23.7   2.1   7.1 999.9 999.9
            BSG  13  0526.7N 120.3E  9999.9   19.4     17   13.3 1009.69999.9  23.7   2.0   7.1 999.9 999.9
            BSG  13  0626.7N 120.3E  9999.9   19.2     20   11.9 1009.39999.9  23.7   2.0   6.7 999.9 999.9
            BSG  13  0726.7N 120.3E  9999.9   18.8     21   11.7 1009.09999.9  23.6   2.1   6.5 999.9 999.9
            BSG  13  0826.7N 120.3E  9999.9   19.1     21   12.4 1008.99999.9  23.5   2.1   6.2 999.9 999.9
            BSG  13  0926.7N 120.3E  9999.9   19.2     18   11.7 1009.29999.9  23.5   2.1   5.9 999.9 999.9
            BSG  13  1026.7N 120.3E  9999.9   19.6     14   11.6 1009.49999.9  23.5   2.1   6.3 999.9 999.9
            BSG  13  1126.7N 120.3E  9999.9   20.5     16   12.0 1009.89999.9  23.7   2.2   6.5 999.9 999.9
            BSG  13  1226.7N 120.3E  9999.9   21.4     17   13.4 1010.19999.9  23.7   2.2   6.4 999.9 999.9
            BSG  13  1326.7N 120.3E  9999.9   21.9     18   13.6 1009.89999.9  23.8   2.0   5.8 999.9 999.9
            BSG  13  1426.7N 120.3E  9999.9   22.6     19   12.4 1009.59999.9  23.7   2.1   6.4 999.9 999.9
            BSG  13  1526.7N 120.3E  9999.9   22.5     23   13.4 1008.69999.9  23.8   2.1   6.8 999.9 999.9
            BSG  13  1626.7N 120.3E  9999.9   21.9     22   13.2 1008.09999.9  23.9   1.9   6.5 999.9 999.9
            BSG  13  1726.7N 120.3E  9999.9   22.8     21   12.8 1007.39999.9  23.8   2.2   6.6 999.9 999.9
            BSG  13  1826.7N 120.3E  9999.9   22.9     19   12.0 1007.09999.9  23.7   2.4   6.6 999.9 999.9
            BSG  13  1926.7N 120.3E  9999.9   22.5     20   12.4 1006.99999.9  23.7   2.3   6.5 999.9 999.9
            BSG  13  2026.7N 120.3E  9999.9   22.3     16    9.9 1007.29999.9  23.7 999.9 999.9 999.9 999.9
            BSG  13  2126.7N 120.3E  9999.9   22.0     17    7.4 1007.29999.9  23.6   2.3   6.1 999.9 999.9
            BSG  13  2226.7N 120.3E  9999.9   21.9     22    7.0 1007.69999.9  23.6   2.4   6.3 999.9 999.9
            BSG  13  2326.7N 120.3E  9999.9   21.8     48    4.6 1008.09999.9  23.7   2.4   6.3 999.9 999.9
            BSG  14  0026.7N 120.3E  9999.9   21.4     15    7.4 1008.49999.9  23.6   2.5   6.3 999.9 999.9
            BSG  14  0126.7N 120.3E  9999.9   21.4     18   11.2 1008.39999.9  23.6   2.1   6.8 999.9 999.9
            BSG  14  0226.7N 120.3E  9999.9   21.2     23   13.1 1007.89999.9  23.6   2.1   6.7 999.9 999.9
            BSG  14  0326.7N 120.3E  9999.9   20.9     16   12.7 1007.59999.9  23.6   1.9   6.7 999.9 999.9
            BSG  14  0426.7N 120.3E  9999.9   20.6     13   13.6 1006.69999.9  23.6   1.9   7.3 999.9 999.9
            BSG  14  0526.7N 120.3E  9999.9   20.6     18   11.3 1006.69999.9  23.6   1.9   7.4 999.9 999.9
            BSG  14  0626.7N 120.3E  9999.9   20.7     18    9.7 1006.69999.9  23.6   1.8   7.0 999.9 999.9
            BSG  14  0726.7N 120.3E  9999.9   20.6     14    9.2 1006.49999.9  23.5   1.9   7.1 999.9 999.9
            BSG  14  0826.7N 120.3E  9999.9   20.6     11   10.2 1006.19999.9  23.3   1.9   6.6 999.9 999.9
            BSG  14  0926.7N 120.3E  9999.9   20.2     11    9.6 1006.79999.9  23.4   1.8   6.2 999.9 999.9
            BSG  14  1026.7N 120.3E  9999.9   20.6     15   11.6 1006.89999.9  23.3   1.9   5.8 999.9 999.9
            BSG  14  1126.7N 120.3E  9999.9   21.0     15    9.8 1007.69999.9  23.4   2.0   6.1 999.9 999.9
            BSG  14  1226.7N 120.3E  9999.9   21.4     17   12.9 1007.59999.9  23.6   2.0   6.6 999.9 999.9
            BSG  14  1326.7N 120.3E  9999.9   22.1     23   13.0 1007.19999.9  23.6   1.9   6.4 999.9 999.9
            BSG  14  1426.7N 120.3E  9999.9   22.6     18   12.6 1006.59999.9  23.6   2.0   7.0 999.9 999.9
            BSG  14  1526.7N 120.3E  9999.9   23.0     20   12.7 1005.59999.9  23.6   2.1   7.1 999.9 999.9
            BSG  14  1626.7N 120.3E  9999.9   22.4     21   11.5 1004.99999.9  23.7   2.2   7.4 999.9 999.9
            BSG  14  1726.7N 120.3E  9999.9   23.6     17    9.8 1004.39999.9  23.7   1.9   7.1 999.9 999.9
            BSG  14  1826.7N 120.3E  9999.9   24.0     44    4.9 1003.99999.9  23.7   2.1   6.9 999.9 999.9
            BSG  14  1926.7N 120.3E  9999.9   23.6     39    5.2 1003.99999.9  23.7   1.9   6.5 999.9 999.9
            BSG  14  2026.7N 120.3E  9999.9   22.9     19    5.8 1004.19999.9  23.6   2.0   6.3 999.9 999.9
            BSG  14  2126.7N 120.3E  9999.9   22.4     45    4.2 1004.69999.9  23.5   2.2   6.4 999.9 999.9
            BSG  14  2226.7N 120.3E  9999.9   22.2     30    5.4 1005.29999.9  23.4   2.2   6.1 999.9 999.9
            BSG  14  2326.7N 120.3E  9999.9   22.2     19    9.2 1005.79999.9  23.4   2.3   6.5 999.9 999.9
            BSG  15  0026.7N 120.3E  9999.9   22.1     23   11.2 1005.99999.9  23.4   2.5   6.7 999.9 999.9
            BSG  15  0126.7N 120.3E  9999.9   21.9     18   13.1 1005.89999.9  23.4   2.3   7.1 999.9 999.9
            BSG  15  0226.7N 120.3E  9999.9   21.7     23   13.6 1005.29999.9  23.4   2.3   6.9 999.9 999.9
            BSG  15  0326.7N 120.3E  9999.9   21.7     21   12.7 1005.19999.9  23.4   2.3   6.9 999.9 999.9
            BSG  15  0426.7N 120.3E  9999.9   21.6     15   13.5 1004.89999.9  23.4   2.1   7.0 999.9 999.9
            BSG  15  0526.7N 120.3E  9999.9   21.7     24   12.6 1004.29999.9  23.3   2.2   7.6 999.9 999.9
            BSG  15  0626.7N 120.3E  9999.9   21.4     13   11.9 1003.79999.9  23.3   2.0   7.7 999.9 999.9
            BSG  15  0726.7N 120.3E  9999.9   21.4     16   11.6 1003.99999.9  23.3   2.1   6.7 999.9 999.9
            BSG  15  0826.7N 120.3E  9999.9   21.6     16   11.2 1004.19999.9  23.4   2.2   7.1 999.9 999.9
            BSG  15  0926.7N 120.3E  9999.9   21.4     11   10.6 1004.49999.9  23.3   2.3   7.1 999.9 999.9
            BSG  15  1026.7N 120.3E  9999.9   22.0     12   11.1 1005.19999.9  23.3   2.4   6.8 999.9 999.9
            BSG  15  1126.7N 120.3E  9999.9   22.3     14   10.6 1005.49999.9  23.2   2.4   7.2 999.9 999.9
            BSG  15  1226.7N 120.3E  9999.9   22.9     20   13.8 1005.49999.9  23.3   2.5   6.7 999.9 999.9
            BSG  15  1326.7N 120.3E  9999.9   22.8     23   13.0 1005.39999.9  23.3   2.7   6.9 999.9 999.9
            BSG  15  1426.7N 120.3E  9999.9   21.0     24   15.7 1004.79999.9  23.4   2.4   7.3 999.9 999.9
            BSG  15  1526.7N 120.3E  9999.9   19.9     22   14.0 1004.79999.9  23.3   2.5   7.4 999.9 999.9
            BSG  15  1626.7N 120.3E  9999.9   20.4     14   15.1 1004.09999.9  23.3   2.3   7.5 999.9 999.9
            BSG  15  1726.7N 120.3E  9999.9   21.0     19   15.4 1003.69999.9  23.4   2.4   7.5 999.9 999.9
            BSG  15  1826.7N 120.3E  9999.9   21.7     20   13.2 1003.89999.9  23.3   2.3   7.2 999.9 999.9
            BSG  15  1926.7N 120.3E  9999.9   21.7     21   11.1 1003.79999.9  23.4   2.7   8.0 999.9 999.9
            BSG  15  2026.7N 120.3E  9999.9   22.0     22   11.3 1003.79999.9  23.3   2.5   7.5 999.9 999.9
            BSG  15  2126.7N 120.3E  9999.9   21.9     22   11.4 1003.99999.9  23.3 999.9 999.9 999.9 999.9
            BSG  15  2226.7N 120.3E  9999.9   22.0     19   11.0 1004.49999.9  23.3 999.9 999.9 999.9 999.9
            BSG  15  2326.7N 120.3E  9999.9   22.0     17   11.3 1005.19999.9  23.2 999.9 999.9 999.9 999.9
            BSG  16  0026.7N 120.3E  9999.9   21.9     20   13.3 1005.39999.9  23.2   2.8   7.8 999.9 999.9
            BSG  16  0126.7N 120.3E  9999.9   22.0     21   13.8 1005.09999.9  23.2   2.9   7.6 999.9 999.9
            BSG  16  0226.7N 120.3E  9999.9   21.9     23   13.9 1004.59999.9  23.2   2.5   7.6 999.9 999.9
            BSG  16  0326.7N 120.3E  9999.9   21.8     23   12.6 1004.39999.9  23.2   2.7   8.0 999.9 999.9
            BSG  16  0426.7N 120.3E  9999.9   21.9     20   14.3 1003.79999.9  23.2   2.7   7.0 999.9 999.9
            BSG  16  0526.7N 120.3E  9999.9   21.9     17   14.1 1003.29999.9  23.1   2.7   7.6 999.9 999.9
            BSG  16  0626.7N 120.3E  9999.9   21.7     21   16.6 1002.99999.9  23.0   2.6   7.7 999.9 999.9
            BSG  16  0726.7N 120.3E  9999.9   21.7     22   16.3 1003.39999.9  23.0   2.4   7.3 999.9 999.9
            BSG  16  0826.7N 120.3E  9999.9   20.7     23   16.9 1003.59999.9  23.2   2.4   7.3 999.9 999.9
            BSG  16  0926.7N 120.3E  9999.9   20.4     20   14.4 1004.19999.9  23.2   2.2   6.6 999.9 999.9
            BSG  16  1026.7N 120.3E  9999.9   20.7     20   14.7 1004.09999.9  23.2   2.4   6.7 999.9 999.9
            BSG  16  1126.7N 120.3E  9999.9   21.1     21   15.2 1004.79999.9  23.1   2.3   6.4 999.9 999.9
            BSG  16  1226.7N 120.3E  9999.9   21.2     23   14.2 1004.79999.9  23.1   2.4   6.9 999.9 999.9
            BSG  16  1326.7N 120.3E  9999.9   22.3     19   13.9 1004.59999.9  23.1   2.4   6.7 999.9 999.9
            BSG  16  1426.7N 120.3E  9999.9   22.3     21   14.5 1004.49999.9  23.2   2.3   6.3 999.9 999.9
            BSG  16  1526.7N 120.3E  9999.9   22.2     20   15.5 1003.79999.9  23.2   2.2   6.5 999.9 999.9
            BSG  16  1626.7N 120.3E  9999.9   22.5     17   15.7 1003.49999.9  23.2   2.4   7.2 999.9 999.9
            BSG  16  1726.7N 120.3E  9999.9   22.6     22   13.7 1003.79999.9  23.2   2.4   7.0 999.9 999.9
            BSG  16  1826.7N 120.3E  9999.9   22.5     23   12.5 1003.59999.9  23.2   2.2   7.3 999.9 999.9
            BSG  16  1926.7N 120.3E  9999.9   20.7     23   12.3 1003.79999.9  23.1   2.1   6.9 999.9 999.9
            BSG  16  2026.7N 120.3E  9999.9   20.8     23   13.3 1003.89999.9  23.1   2.6   7.4 999.9 999.9
            BSG  16  2126.7N 120.3E  9999.9   21.1     23   14.4 1003.99999.9  23.0   2.5   7.2 999.9 999.9
            BSG  16  2226.7N 120.3E  9999.9   21.3     22   14.8 1003.49999.9  23.0   2.7   6.5 999.9 999.9
            BSG  16  2326.7N 120.3E  9999.9   21.6     21   15.4 1003.99999.9  22.9   2.7   6.6 999.9 999.9
            BSG  17  0026.7N 120.3E  9999.9   20.8     18   13.6 1004.99999.9  22.9   2.7   6.6 999.9 999.9
            BSG  17  0126.7N 120.3E  9999.9   21.2     23   16.0 1004.19999.9  22.8   2.6   6.9 999.9 999.9
            BSG  17  0226.7N 120.3E  9999.9   21.4     21   13.5 1005.09999.9  22.8   2.7   6.7 999.9 999.9
            BSG  17  0326.7N 120.3E  9999.9   21.3     21   15.2 1004.59999.9  22.8   2.8   6.7 999.9 999.9
            BSG  17  0426.7N 120.3E  9999.9   21.0     24   17.2 1004.19999.9  22.8   2.6   6.9 999.9 999.9
            BSG  17  0526.7N 120.3E  9999.9   20.9     22   16.4 1004.29999.9  22.8   2.8   7.3 999.9 999.9
            BSG  17  0626.7N 120.3E  9999.9   20.9     21   14.4 1004.19999.9  22.8   3.0   7.5 999.9 999.9
            BSG  17  0726.7N 120.3E  9999.9   20.7     22   15.4 1004.39999.9  22.7   2.7   7.3 999.9 999.9
            BSG  17  0826.7N 120.3E  9999.9   20.2     23   16.9 1004.59999.9  22.8   2.9   7.4 999.9 999.9
            BSG  17  0926.7N 120.3E  9999.9   20.3     21   14.3 1005.29999.9  22.8   2.8   7.3 999.9 999.9
            BSG  17  1026.7N 120.3E  9999.9   19.9     21   16.1 1005.99999.9  22.7   2.7   7.3 999.9 999.9
            BSG  17  1126.7N 120.3E  9999.9   20.3     24   15.0 1006.99999.9  22.7   2.7   6.6 999.9 999.9
            BSG  17  1226.7N 120.3E  9999.9   19.9     23   16.4 1007.49999.9  22.7   2.9   6.7 999.9 999.9
            BSG  17  1326.7N 120.3E  9999.9   19.7     24   16.8 1007.89999.9  22.6   2.9   7.0 999.9 999.9
            BSG  17  1426.7N 120.3E  9999.9   18.1     22   18.4 1007.59999.9  22.6   2.9   7.1 999.9 999.9
            BSG  17  1526.7N 120.3E  9999.9   18.8     20   17.3 1007.19999.9  22.7   2.8   7.1 999.9 999.9
            BSG  17  1626.7N 120.3E  9999.9   19.5     19   16.7 1006.59999.9  22.6   2.6   7.3 999.9 999.9
            BSG  17  1726.7N 120.3E  9999.9   19.9     22   14.1 1006.39999.9  22.6   2.6   7.3 999.9 999.9
            BSG  17  1826.7N 120.3E  9999.9   21.0     21   14.2 1006.59999.9  22.6   2.7   6.7 999.9 999.9
            BSG  17  1926.7N 120.3E  9999.9   21.6     22   15.1 1006.79999.9  22.5   2.8   7.0 999.9 999.9
            BSG  17  2026.7N 120.3E  9999.9   21.1     20   13.4 1007.39999.9  22.6   2.9   7.3 999.9 999.9
            BSG  17  2126.7N 120.3E  9999.9   21.5     18   15.9 1007.69999.9  22.5   3.2   8.1 999.9 999.9
            BSG  17  2226.7N 120.3E  9999.9   21.4     19   14.0 1008.49999.9  22.5   3.1   7.6 999.9 999.9
            BSG  17  2326.7N 120.3E  9999.9   20.8     19   14.5 1009.39999.9  22.4   3.3   7.7 999.9 999.9
            BSG  18  0026.7N 120.3E  9999.9   20.1     17   12.1 1009.89999.9  22.3   3.3   8.2 999.9 999.9
            BSG  18  0126.7N 120.3E  9999.9   19.6     17   13.2 1009.89999.9  22.2   3.1   7.7 999.9 999.9
            BSG  18  0226.7N 120.3E  9999.9   19.3     17   14.7 1009.89999.9  22.2   3.3   8.0 999.9 999.9
            BSG  18  0326.7N 120.3E  9999.9   19.2     16   13.0 1010.09999.9  22.2   3.1   7.6 999.9 999.9
            BSG  18  0426.7N 120.3E  9999.9   19.0     19   12.7 1010.19999.9  22.2   2.8   7.1 999.9 999.9
            BSG  18  0526.7N 120.3E  9999.9   18.8     20   15.1 1009.69999.9  22.3   2.9   6.9 999.9 999.9
            BSG  18  0626.7N 120.3E  9999.9   18.3     20   14.9 1009.39999.9  22.4   3.0   7.5 999.9 999.9
            BSG  18  0726.7N 120.3E  9999.9   18.0     21   14.8 1009.59999.9  22.4   2.6   6.9 999.9 999.9
            BSG  18  0826.7N 120.3E  9999.9   17.7     20   15.5 1009.99999.9  22.3   2.6   6.9 999.9 999.9
            BSG  18  0926.7N 120.3E  9999.9   17.6     17   15.6 1010.39999.9  22.3   2.5   7.2 999.9 999.9
            BSG  18  1026.7N 120.3E  9999.9   17.2     16   15.6 1011.39999.9  22.3   2.4   7.2 999.9 999.9
            BSG  18  1126.7N 120.3E  9999.9   16.9     14   15.9 1012.09999.9  22.3   2.6   7.0 999.9 999.9
            BSG  18  1226.7N 120.3E  9999.9   17.0     15   15.5 1012.69999.9  22.3   2.5   7.0 999.9 999.9
            BSG  18  1326.7N 120.3E  9999.9   17.3     13   15.5 1012.89999.9  22.2   2.3   6.7 999.9 999.9
            BSG  18  1426.7N 120.3E  9999.9   17.5     17   14.9 1012.49999.9  22.1   2.5   6.7 999.9 999.9
            BSG  18  1526.7N 120.3E  9999.9   17.7     19   13.5 1011.99999.9  22.0   2.3   6.5 999.9 999.9
            BSG  18  1626.7N 120.3E  9999.9   18.3     16   13.7 1011.09999.9  22.0   2.1   6.7 999.9 999.9
            BSG  18  1726.7N 120.3E  9999.9   18.5     20   13.0 1010.89999.9  22.0   2.2   6.2 999.9 999.9
            BSG  18  1826.7N 120.3E  9999.9   18.5     18   10.8 1010.89999.9  22.0   2.5   6.7 999.9 999.9
            BSG  18  1926.7N 120.3E  9999.9   19.0     16   11.4 1010.79999.9  22.0   2.5   6.7 999.9 999.9
            BSG  18  2026.7N 120.3E  9999.9   19.2     15    9.6 1011.19999.9  22.0   2.6   6.9 999.9 999.9
            BSG  18  2126.7N 120.3E  9999.9   19.1     22    8.2 1011.59999.9  22.0   2.5   6.9 999.9 999.9
            BSG  18  2226.7N 120.3E  9999.9   18.9     35    7.3 1012.29999.9  22.0   2.7   6.8 999.9 999.9
            BSG  18  2326.7N 120.3E  9999.9   18.8     18    9.3 1012.89999.9  21.9   2.6   6.4 999.9 999.9
            BSG  19  0026.7N 120.3E  9999.9   18.8     54    5.5 1013.09999.9  21.9   2.3   6.7 999.9 999.9
            BSG  19  0126.7N 120.3E  9999.9   18.6     21   13.4 1012.99999.9  21.8   2.3   6.7 999.9 999.9
            BSG  19  0226.7N 120.3E  9999.9   18.1     22   13.5 1012.79999.9  21.8   2.2   6.7 999.9 999.9
            BSG  19  0326.7N 120.3E  9999.9   17.5     19   15.2 1012.49999.9  21.7   2.2   6.3 999.9 999.9
            BSG  19  0426.7N 120.3E  9999.9   17.3     17   13.7 1012.19999.9  21.7   2.3   6.6 999.9 999.9
            BSG  19  0526.7N 120.3E  9999.9   16.9     18   14.3 1011.89999.9  21.7   2.4   6.7 999.9 999.9
            BSG  19  0626.7N 120.3E  9999.9   16.6     16   14.5 1011.89999.9  21.7   2.2   6.6 999.9 999.9
            BSG  19  0726.7N 120.3E  9999.9   16.5     15   14.5 1011.49999.9  21.7   2.1   6.7 999.9 999.9
            BSG  19  0826.7N 120.3E  9999.9   16.7     16   13.6 1011.99999.9  21.6   2.1   6.8 999.9 999.9
            BSG  19  0926.7N 120.3E  9999.9   16.7     17   14.9 1012.09999.9  21.6  99.7  99.7 999.9 999.9
            BSG  19  1026.7N 120.3E  9999.9   16.8     16   15.3 1012.79999.9  21.7   2.1   6.1 999.9 999.9
            BSG  19  1126.7N 120.3E  9999.9   17.4     16   14.7 1013.59999.9  21.7   2.3   6.3 999.9 999.9
            BSG  19  1226.7N 120.3E  9999.9   18.2     16   15.1 1014.09999.9  21.7   2.4   6.6 999.9 999.9
            BSG  19  1326.7N 120.3E  9999.9   18.7     15   16.2 1013.99999.9  21.7   2.1   6.5 999.9 999.9
            BSG  19  1426.7N 120.3E  9999.9   19.4     21   14.0 1014.09999.9  21.7   2.2   6.2 999.9 999.9
            BSG  19  1526.7N 120.3E  9999.9   19.4     21   14.6 1013.59999.9  21.6   2.4   6.2 999.9 999.9
            BSG  19  1626.7N 120.3E  9999.9   19.5     21   15.1 1013.19999.9  21.5   2.4   6.3 999.9 999.9
            BSG  19  1726.7N 120.3E  9999.9   19.7     21   14.7 1012.69999.9  21.5   2.4   6.1 999.9 999.9
            BSG  19  1826.7N 120.3E  9999.9   19.4     22   15.7 1012.69999.9  21.4   2.4   6.2 999.9 999.9
            BSG  19  1926.7N 120.3E  9999.9   19.4     22   14.4 1013.19999.9  21.5   2.5   7.0 999.9 999.9
            BSG  19  2026.7N 120.3E  9999.9   18.8     21   13.7 1013.59999.9  21.5   2.4   6.7 999.9 999.9
            BSG  19  2126.7N 120.3E  9999.9   18.6     21   13.5 1013.89999.9  21.5   2.4   6.4 999.9 999.9
            BSG  19  2226.7N 120.3E  9999.9   18.6     19   12.6 1014.09999.9  21.4 999.9 999.9 999.9 999.9
            BSG  19  2326.7N 120.3E  9999.9   18.4     21   13.7 1014.49999.9  21.3   2.3   6.5 999.9 999.9
            BSG  20  0026.7N 120.3E  9999.9   18.6     22   13.5 1014.69999.9  21.2 999.9 999.9 999.9 999.9
            BSG  20  0126.7N 120.3E  9999.9   18.6     21   13.0 1014.69999.9  21.2   2.1   6.1 999.9 999.9
            BSG  20  0226.7N 120.3E  9999.9   18.4     24   13.9 1014.39999.9  21.2   2.1   6.1 999.9 999.9
            BSG  20  0326.7N 120.3E  9999.9   18.4     21   12.7 1013.79999.9  21.1   2.0   6.2 999.9 999.9
            BSG  20  0426.7N 120.3E  9999.9   18.1     18   13.1 1013.59999.9  21.0   1.9   6.3 999.9 999.9
            BSG  20  0526.7N 120.3E  9999.9   17.8     17   13.8 1013.19999.9  21.0   2.0   6.1 999.9 999.9
            BSG  20  0626.7N 120.3E  9999.9   17.8     20   12.1 1012.89999.9  21.0   2.0   5.9 999.9 999.9
            BSG  20  0726.7N 120.3E  9999.9   17.9     17   11.5 1012.79999.9  21.0   1.7   6.0 999.9 999.9
            BSG  20  0826.7N 120.3E  9999.9   18.0     15   13.0 1012.79999.9  21.0   1.8   6.4 999.9 999.9
            BSG  20  0926.7N 120.3E  9999.9   18.0     17   13.3 1012.99999.9  21.1   1.7   5.9 999.9 999.9
            BSG  20  1026.7N 120.3E  9999.9   18.4     19   12.8 1013.59999.9  21.1   1.6   5.7 999.9 999.9
            BSG  20  1126.7N 120.3E  9999.9   19.0     19   12.7 1014.09999.9  21.2   1.6   5.5 999.9 999.9
            BSG  20  1226.7N 120.3E  9999.9   19.7     15   13.9 1014.39999.9  21.3   1.7   5.7 999.9 999.9
            BSG  20  1326.7N 120.3E  9999.9   20.2     15   13.7 1014.49999.9  21.3   1.8   6.5 999.9 999.9
            BSG  20  1426.7N 120.3E  9999.9   20.6     16   13.4 1014.29999.9  21.4   1.7   6.0 999.9 999.9
            BSG  20  1526.7N 120.3E  9999.9   20.7     15   13.8 1013.59999.9  21.4   1.7   6.2 999.9 999.9
            BSG  20  1626.7N 120.3E  9999.9   20.7     18   12.4 1012.79999.9  21.3   1.5   5.7 999.9 999.9
            BSG  20  1726.7N 120.3E  9999.9   20.5     19   11.5 1012.49999.9  21.2   1.7   5.7 999.9 999.9
            BSG  20  1826.7N 120.3E  9999.9   20.6     20   10.9 1012.39999.9  21.2   1.6   5.7 999.9 999.9
            BSG  20  1926.7N 120.3E  9999.9   20.1     19   10.8 1012.49999.9  21.2   1.7   5.6 999.9 999.9
            BSG  20  2026.7N 120.3E  9999.9   19.7     21   10.8 1012.59999.9  21.2   1.6   6.2 999.9 999.9
            BSG  20  2126.7N 120.3E  9999.9   19.5     23   10.6 1012.69999.9  21.1   1.6   6.2 999.9 999.9
            BSG  20  2226.7N 120.3E  9999.9   19.5     17   10.5 1013.09999.9  21.0   1.7   6.4 999.9 999.9
            BSG  20  2326.7N 120.3E  9999.9   19.5     15   11.0 1013.39999.9  21.0   1.5   6.2 999.9 999.9
            BSG  21  0026.7N 120.3E  9999.9   19.4     15   11.4 1013.19999.9  20.9   1.5   6.1 999.9 999.9
            BSG  21  0126.7N 120.3E  9999.9   19.5     14   10.4 1013.19999.9  20.8   1.4   5.9 999.9 999.9
            BSG  21  0226.7N 120.3E  9999.9   19.5     15   10.0 1013.09999.9  20.8 999.9 999.9 999.9 999.9
            BSG  21  0326.7N 120.3E  9999.9   19.5     14   10.4 1012.49999.9  20.8   1.4   6.1 999.9 999.9
            BSG  21  0426.7N 120.3E  9999.9   19.1     13    9.7 1011.99999.9  20.8 999.9 999.9 999.9 999.9
            BSG  21  0526.7N 120.3E  9999.9   19.0     12    9.4 1011.39999.9  20.7   1.4   6.1 999.9 999.9
            BSG  21  0626.7N 120.3E  9999.9   19.3     12    8.8 1011.19999.9  20.7   1.4   6.3 999.9 999.9
            BSG  21  0726.7N 120.3E  9999.9   19.4     11    8.3 1011.29999.9  20.7   1.5   6.3 999.9 999.9
            BSG  21  0826.7N 120.3E  9999.9   18.9    344    7.2 1011.19999.9  20.7   1.5   6.5 999.9 999.9
            BSG  21  0926.7N 120.3E  9999.9   19.0    351    8.3 1011.29999.9  20.7   1.4   6.5 999.9 999.9
            BSG  21  1026.7N 120.3E  9999.9   19.5      2    9.6 1011.69999.9  20.8   1.4   6.6 999.9 999.9
            BSG  21  1126.7N 120.3E  9999.9   20.4      1    8.8 1012.49999.9  20.9   1.2   7.0 999.9 999.9
            BSG  21  1226.7N 120.3E  9999.9   21.6      6    8.9 1012.89999.9  21.0   1.3   6.9 999.9 999.9
            BSG  21  1326.7N 120.3E  9999.9   22.0     13   10.0 1012.69999.9  21.1   1.3   6.7 999.9 999.9
            BSG  21  1426.7N 120.3E  9999.9   22.4     15   10.0 1011.89999.9  21.0   1.3   6.2 999.9 999.9
            BSG  21  1526.7N 120.3E  9999.9   22.5     22   10.7 1010.49999.9  21.1   1.3   6.8 999.9 999.9
            BSG  21  1626.7N 120.3E  9999.9   22.5     17    9.7 1009.49999.9  21.1   1.5   6.3 999.9 999.9
            BSG  21  1726.7N 120.3E  9999.9   22.8     21    7.2 1008.89999.9  21.0   1.3   5.5 999.9 999.9
            BSG  21  1826.7N 120.3E  9999.9   21.8     32    7.0 1008.89999.9  21.0   1.4   5.9 999.9 999.9
            BSG  21  1926.7N 120.3E  9999.9   21.8     15    5.1 1008.99999.9  21.0   1.4   6.5 999.9 999.9
            BSG  21  2026.7N 120.3E  9999.9   21.7     27    4.2 1009.19999.9  21.0   1.5   7.0 999.9 999.9
            BSG  21  2126.7N 120.3E  9999.9   21.5      9    4.7 1009.69999.9  21.0   1.6   7.1 999.9 999.9
            BSG  21  2226.7N 120.3E  9999.9   21.4      4    5.3 1010.09999.9  21.0   1.6   7.2 999.9 999.9
            BSG  21  2326.7N 120.3E  9999.9   20.8     19    8.3 1010.29999.9  21.0   1.6   7.7 999.9 999.9
            BSG  22  0026.7N 120.3E  9999.9   20.8     20    9.0 1010.39999.9  21.0 999.9 999.9 999.9 999.9
            BSG  22  0126.7N 120.3E  9999.9   20.7     20    8.9 1010.39999.9  21.1   1.5   8.2 999.9 999.9
            BSG  22  0226.7N 120.3E  9999.9   20.9     19    9.1 1010.19999.9  21.1   1.3   7.9 999.9 999.9
            BSG  22  0326.7N 120.3E  9999.9   21.0     14    8.8 1009.79999.9  21.2   1.3   7.3 999.9 999.9
            BSG  22  0426.7N 120.3E  9999.9   21.1     15    8.9 1009.49999.9  21.2   1.3   7.5 999.9 999.9
            BSG  22  0526.7N 120.3E  9999.9   20.8    344    6.4 1008.99999.9  21.1   1.4   7.5 999.9 999.9
            BSG  22  0626.7N 120.3E  9999.9   20.9    354    7.4 1008.29999.9  21.1   1.7   7.9 999.9 999.9
            BSG  22  0726.7N 120.3E  9999.9   20.9      5    8.2 1007.89999.9  21.1   1.6   6.8 999.9 999.9
            BSG  22  0826.7N 120.3E  9999.9   21.0      8    8.0 1008.09999.9  21.1   1.8   6.8 999.9 999.9
            BSG  22  0926.7N 120.3E  9999.9   21.0      6    7.7 1008.19999.9  21.1   1.7   7.4 999.9 999.9
            BSG  22  1026.7N 120.3E  9999.9   21.3      7    7.6 1008.89999.9  21.1   1.6   7.7 999.9 999.9
            BSG  22  1126.7N 120.3E  9999.9   21.9      4    7.7 1009.49999.9  21.2   1.6   7.7 999.9 999.9
            BSG  22  1226.7N 120.3E  9999.9   23.8      9    8.6 1009.89999.9  21.3   1.5   7.8 999.9 999.9
            BSG  22  1326.7N 120.3E  9999.9   24.3     19    8.9 1009.89999.9  21.3   1.5   7.6 999.9 999.9
            BSG  22  1426.7N 120.3E  9999.9   23.4     17   10.0 1009.19999.9  21.4   1.6   7.5 999.9 999.9
            BSG  22  1526.7N 120.3E  9999.9   23.6     15    8.8 1008.39999.9  21.4   1.5   6.9 999.9 999.9
            BSG  22  1626.7N 120.3E  9999.9   23.8     29    4.3 1007.69999.9  21.2   1.4   6.4 999.9 999.9
            BSG  22  1726.7N 120.3E  9999.9   22.9     44    4.0 1007.19999.9  21.2   1.4   6.1 999.9 999.9
            BSG  22  1826.7N 120.3E  9999.9   23.3     48    3.9 1006.69999.9  21.2   1.4   6.1 999.9 999.9
            BSG  22  1926.7N 120.3E  9999.9   22.9     82    6.3 1006.59999.9  21.2   1.6   6.2 999.9 999.9
            BSG  22  2026.7N 120.3E  9999.9   22.2     86    7.8 1006.89999.9  21.2   1.5   6.0 999.9 999.9
            BSG  22  2126.7N 120.3E  9999.9   21.9     27    3.5 1007.49999.9  21.2 999.9 999.9 999.9 999.9
            BSG  22  2226.7N 120.3E  9999.9   21.3     12    5.6 1008.39999.9  21.2   1.6   6.9 999.9 999.9
            BSG  22  2326.7N 120.3E  9999.9   21.0     18    7.6 1009.19999.9  21.2   1.6   6.7 999.9 999.9
            BSG  23  0026.7N 120.3E  9999.9   21.0     16    9.1 1009.79999.9  21.2 999.9 999.9 999.9 999.9
            BSG  23  0126.7N 120.3E  9999.9   20.5     16   10.5 1009.99999.9  21.3   1.5   6.8 999.9 999.9
            BSG  23  0226.7N 120.3E  9999.9   20.3     16    8.5 1010.19999.9  21.3   1.6   6.7 999.9 999.9
            BSG  23  0326.7N 120.3E  9999.9   20.3     14    8.0 1009.99999.9  21.3   1.5   6.4 999.9 999.9
            BSG  23  0426.7N 120.3E  9999.9   20.3     17    8.6 1009.49999.9  21.0   1.7   6.4 999.9 999.9
            BSG  23  0526.7N 120.3E  9999.9   20.2     15    9.7 1008.59999.9  20.9   1.5   6.7 999.9 999.9
            BSG  23  0626.7N 120.3E  9999.9   20.1     16    8.1 1008.19999.9  21.0   1.5   6.1 999.9 999.9
            BSG  23  0726.7N 120.3E  9999.9   20.1     18    7.3 1008.29999.9  21.0   1.7   6.5 999.9 999.9
            BSG  23  0826.7N 120.3E  9999.9   20.1     12    7.3 1008.69999.9  21.0   1.5   6.4 999.9 999.9
            BSG  23  0926.7N 120.3E  9999.9   20.1     14    6.7 1009.09999.9  21.1   1.6   6.8 999.9 999.9
            BSG  23  1026.7N 120.3E  9999.9   20.8    350    4.9 1009.89999.9  21.2   1.3   6.9 999.9 999.9
            BSG  23  1126.7N 120.3E  9999.9   21.3      9    5.5 1010.29999.9  21.2   1.4   7.3 999.9 999.9
            BSG  23  1226.7N 120.3E  9999.9   22.7     17    5.7 1010.79999.9  21.3   1.5   7.1 999.9 999.9
            BSG  23  1326.7N 120.3E  9999.9   23.3     13    5.6 1010.89999.9  21.5   1.4   6.6 999.9 999.9
            BSG  23  1426.7N 120.3E  9999.9   24.1     21    5.0 1010.59999.9  21.7   1.2   6.6 999.9 999.9
            BSG  23  1526.7N 120.3E  9999.9   24.0     13    5.8 1009.89999.9  21.8   1.4   6.6 999.9 999.9
            BSG  23  1626.7N 120.3E  9999.9   24.4     49    3.6 1009.19999.9  21.8   1.6   5.7 999.9 999.9
            BSG  23  1726.7N 120.3E  9999.9   23.8     41    4.2 1008.49999.9  21.6   1.8   6.3 999.9 999.9
            BSG  23  1826.7N 120.3E  9999.9   23.2     84    6.2 1008.19999.9  21.5   1.8   6.3 999.9 999.9
            BSG  23  1926.7N 120.3E  9999.9   22.0     90    9.0 1007.99999.9  21.4   2.2   6.5 999.9 999.9
            BSG  23  2026.7N 120.3E  9999.9   21.1     86    9.5 1008.49999.9  21.5 999.9 999.9 999.9 999.9
            BSG  23  2126.7N 120.3E  9999.9   20.9     82    6.8 1009.29999.9  21.5   2.3   6.9 999.9 999.9
            BSG  23  2226.7N 120.3E  9999.9   20.7     22    5.9 1010.19999.9  21.5 999.9 999.9 999.9 999.9
            BSG  23  2326.7N 120.3E  9999.9   20.8      5    7.8 1010.89999.9  21.5   2.2   7.1 999.9 999.9
            BSG  24  0026.7N 120.3E  9999.9   20.6     22    6.2 1011.09999.9  21.5   2.1   7.4 999.9 999.9
            BSG  24  0126.7N 120.3E  9999.9   20.5     19    8.0 1011.29999.9  21.4   2.0   7.0 999.9 999.9
            BSG  24  0226.7N 120.3E  9999.9   20.3     16    7.9 1011.19999.9  21.4   1.9   7.0 999.9 999.9
            BSG  24  0326.7N 120.3E  9999.9   20.1     24    8.6 1010.79999.9  21.4   2.1   7.0 999.9 999.9
            BSG  24  0426.7N 120.3E  9999.9   19.8     23    8.8 1010.39999.9  21.3   2.2   6.9 999.9 999.9
            BSG  24  0526.7N 120.3E  9999.9   19.6     21   10.5 1010.09999.9  21.2 999.9 999.9 999.9 999.9
            BSG  24  0626.7N 120.3E  9999.9   19.2     19    9.6 1009.99999.9  21.2   2.1   6.6 999.9 999.9
            BSG  24  0726.7N 120.3E  9999.9   18.8     20    9.5 1010.49999.9  21.1   2.4   6.4 999.9 999.9
            BSG  24  0826.7N 120.3E  9999.9   18.6     23    8.1 1010.89999.9  21.2   2.3   6.3 999.9 999.9
            BSG  24  0926.7N 120.3E  9999.9   18.6     22    9.2 1011.99999.9  21.3   2.3   6.5 999.9 999.9
            BSG  24  1026.7N 120.3E  9999.9   18.7     18   10.0 1012.79999.9  21.3   2.2   6.6 999.9 999.9
            BSG  24  1126.7N 120.3E  9999.9   19.2     19    9.4 1013.59999.9  21.2   2.2   6.8 999.9 999.9
            BSG  24  1226.7N 120.3E  9999.9   19.6     19   13.1 1014.09999.9  21.3   2.1   7.0 999.9 999.9
            BSG  24  1326.7N 120.3E  9999.9   19.9     22   14.3 1014.29999.9  21.4   2.1   7.0 999.9 999.9
            BSG  24  1426.7N 120.3E  9999.9   20.0     21   13.5 1013.79999.9  21.5   1.9   6.8 999.9 999.9
            BSG  24  1526.7N 120.3E  9999.9   19.9     22   13.8 1013.59999.9  21.5   1.9   6.2 999.9 999.9
            BSG  24  1626.7N 120.3E  9999.9   19.9     22   12.6 1012.79999.9  21.5   2.3   6.5 999.9 999.9
            BSG  24  1726.7N 120.3E  9999.9   20.2     18   11.4 1012.39999.9  21.4   2.3   6.4 999.9 999.9
            BSG  24  1826.7N 120.3E  9999.9   20.4     37    6.1 1011.89999.9  21.3   2.2   6.3 999.9 999.9
            BSG  24  1926.7N 120.3E  9999.9   19.9     65    4.9 1011.79999.9  21.2   2.4   6.8 999.9 999.9
            BSG  24  2026.7N 120.3E  9999.9   19.3     68    5.6 1011.89999.9  21.1   2.3   6.1 999.9 999.9
            BSG  24  2126.7N 120.3E  9999.9   19.1     69    5.3 1012.39999.9  21.1   2.3   6.3 999.9 999.9
            BSG  24  2226.7N 120.3E  9999.9   19.2     77    5.9 1012.79999.9  21.1 999.9 999.9 999.9 999.9
            BSG  24  2326.7N 120.3E  9999.9   19.4     59    5.5 1013.39999.9  21.1   2.1   6.6 999.9 999.9
            BSG  25  0026.7N 120.3E  9999.9   19.6     23    6.0 1013.59999.9  21.0   1.9   6.7 999.9 999.9
            BSG  25  0126.7N 120.3E  9999.9   19.5     22    9.0 1013.89999.9  21.0   1.9   7.0 999.9 999.9
            BSG  25  0226.7N 120.3E  9999.9   19.3     16    8.6 1013.89999.9  20.9   1.7   6.3 999.9 999.9
            BSG  25  0326.7N 120.3E  9999.9   19.1     20    9.8 1013.49999.9  20.8   1.8   6.2 999.9 999.9
            BSG  25  0426.7N 120.3E  9999.9   18.8     22   11.6 1013.59999.9  20.7   1.7   6.0 999.9 999.9
            BSG  25  0526.7N 120.3E  9999.9   18.5     22   11.6 1013.09999.9  20.5 999.9 999.9 999.9 999.9
            BSG  25  0626.7N 120.3E  9999.9   18.2     22   10.6 1012.59999.9  20.5   1.6   5.6 999.9 999.9
            BSG  25  0726.7N 120.3E  9999.9   17.8      9   11.1 1013.19999.9  20.5   1.7   5.6 999.9 999.9
            BSG  25  0826.7N 120.3E  9999.9   17.7      2    9.6 1013.29999.9  20.5   1.7   5.5 999.9 999.9
            BSG  25  0926.7N 120.3E  9999.9   17.8     18   10.5 1013.79999.9  20.6   1.8   5.5 999.9 999.9
            BSG  25  1026.7N 120.3E  9999.9   18.1     20   11.5 1014.29999.9  20.6   1.8   5.7 999.9 999.9
            BSG  25  1126.7N 120.3E  9999.9   18.3     23   12.8 1014.49999.9  20.8   1.9   5.8 999.9 999.9
            BSG  25  1226.7N 120.3E  9999.9   19.0     21   13.4 1015.39999.9  20.8   1.8   6.0 999.9 999.9
            BSG  25  1326.7N 120.3E  9999.9   19.4     21   13.5 1015.39999.9  20.9   1.8   6.3 999.9 999.9
            BSG  25  1426.7N 120.3E  9999.9   19.8     19   12.9 1014.89999.9  21.0   1.7   6.2 999.9 999.9
            BSG  25  1526.7N 120.3E  9999.9   19.9     22   12.7 1014.19999.9  21.0 999.9 999.9 999.9 999.9
            BSG  25  1626.7N 120.3E  9999.9   19.4     20   12.7 1013.59999.9  21.0 999.9 999.9 999.9 999.9
            BSG  25  1726.7N 120.3E  9999.9   19.1     22   12.1 1013.09999.9  20.8   1.6   5.7 999.9 999.9
            BSG  25  1826.7N 120.3E  9999.9   19.9     21   12.2 1012.99999.9  20.7   1.8   6.0 999.9 999.9
            BSG  25  1926.7N 120.3E  9999.9   19.0     20   11.4 1012.99999.9  20.6   1.8   5.8 999.9 999.9
            BSG  25  2026.7N 120.3E  9999.9   18.9     19    9.8 1013.09999.9  20.6   1.7   5.5 999.9 999.9
            BSG  25  2126.7N 120.3E  9999.9   18.6     21    8.7 1013.09999.9  20.7   1.7   5.7 999.9 999.9
            BSG  25  2226.7N 120.3E  9999.9   18.6     21    7.9 1013.39999.9  20.7   1.6   5.9 999.9 999.9
            BSG  25  2326.7N 120.3E  9999.9   18.5     22    7.2 1013.59999.9  20.7   1.6   5.6 999.9 999.9
            BSG  26  0026.7N 120.3E  9999.9   18.4     12    6.8 1013.79999.9  20.7   1.5   5.8 999.9 999.9
            BSG  26  0126.7N 120.3E  9999.9   18.5     19    8.9 1014.09999.9  20.8   1.3   6.2 999.9 999.9
            BSG  26  0226.7N 120.3E  9999.9   18.4     22    8.4 1013.39999.9  20.7   1.4   6.0 999.9 999.9
            BSG  26  0326.7N 120.3E  9999.9   18.4     22    9.9 1013.19999.9  20.7   1.4   5.9 999.9 999.9
            BSG  26  0426.7N 120.3E  9999.9   18.3     16   10.7 1012.79999.9  20.6   1.3   5.7 999.9 999.9
            BSG  26  0526.7N 120.3E  9999.9   18.0     13   10.5 1012.19999.9  20.5   1.3   5.5 999.9 999.9
            BSG  26  0626.7N 120.3E  9999.9   17.8     10   10.0 1011.89999.9  20.5   1.4   5.1 999.9 999.9
            BSG  26  0726.7N 120.3E  9999.9   17.4     11    9.5 1011.59999.9  20.4   1.3   5.2 999.9 999.9
            BSG  26  0826.7N 120.3E  9999.9   17.4     12    9.9 1011.89999.9  20.3   1.3   5.0 999.9 999.9
            BSG  26  0926.7N 120.3E  9999.9   17.5      3    9.4 1012.09999.9  20.4   1.3   5.6 999.9 999.9
            BSG  26  1026.7N 120.3E  9999.9   17.9      2    8.7 1012.19999.9  20.5   1.3   5.4 999.9 999.9
            BSG  26  1126.7N 120.3E  9999.9   18.8      9    9.4 1012.29999.9  20.8   1.3   5.4 999.9 999.9
            BSG  26  1226.7N 120.3E  9999.9   20.0      6    9.4 1012.59999.9  20.9   1.2   5.3 999.9 999.9
            BSG  26  1326.7N 120.3E  9999.9   21.0     10    9.2 1012.49999.9  20.8 999.9 999.9 999.9 999.9
            BSG  26  1426.7N 120.3E  9999.9   21.2     19    9.5 1011.89999.9  20.9   1.2   5.3 999.9 999.9
            BSG  26  1526.7N 120.3E  9999.9   21.3     23   10.8 1010.99999.9  21.0   1.1   5.5 999.9 999.9
            BSG  26  1626.7N 120.3E  9999.9   21.3     18   10.6 1010.09999.9  21.1   1.1   5.4 999.9 999.9
            BSG  26  1726.7N 120.3E  9999.9   21.5     14    7.9 1009.59999.9  21.0   1.1   5.0 999.9 999.9
            BSG  26  1826.7N 120.3E  9999.9   20.8     16    7.5 1009.39999.9  20.8   1.1   4.7 999.9 999.9
            BSG  26  1926.7N 120.3E  9999.9   20.4     14    6.8 1009.49999.9  20.7   1.1   4.9 999.9 999.9
            BSG  26  2026.7N 120.3E  9999.9   19.8     19    6.3 1009.59999.9  20.6   1.2   4.7 999.9 999.9
            BSG  26  2126.7N 120.3E  9999.9   19.6     17    7.0 1009.79999.9  20.7   1.2   4.6 999.9 999.9
            BSG  26  2226.7N 120.3E  9999.9   19.5     17    7.5 1010.09999.9  20.7   1.2   4.9 999.9 999.9
            BSG  26  2326.7N 120.3E  9999.9   19.5     18    7.2 1010.09999.9  20.7   1.2   5.3 999.9 999.9
            BSG  27  0026.7N 120.3E  9999.9   19.4     22    7.7 1010.59999.9  20.8   1.1   5.2 999.9 999.9
            BSG  27  0126.7N 120.3E  9999.9   19.5     21    7.4 1010.69999.9  20.8   1.1   6.4 999.9 999.9
            BSG  27  0226.7N 120.3E  9999.9   19.6     24    7.5 1010.29999.9  20.9   1.1   6.4 999.9 999.9
            BSG  27  0326.7N 120.3E  9999.9   19.7     19    7.7 1009.89999.9  21.0 999.9 999.9 999.9 999.9
            BSG  27  0426.7N 120.3E  9999.9   19.9     16    7.9 1009.69999.9  20.9   1.0   6.0 999.9 999.9
            BSG  27  0526.7N 120.3E  9999.9   19.5    354    7.1 1008.99999.9  20.8   1.0   6.0 999.9 999.9
            BSG  27  0626.7N 120.3E  9999.9   19.6     12    7.7 1008.69999.9  20.5   1.0   5.8 999.9 999.9
            BSG  27  0726.7N 120.3E  9999.9   19.4      7    6.8 1008.59999.9  20.6 999.9 999.9 999.9 999.9
            BSG  27  0826.7N 120.3E  9999.9   19.5      4    6.3 1008.59999.9  20.6   1.2   5.8 999.9 999.9
            BSG  27  0926.7N 120.3E  9999.9   19.7      8    7.0 1009.19999.9  20.6 999.9 999.9 999.9 999.9
            BSG  27  1026.7N 120.3E  9999.9   20.0     10    7.5 1009.49999.9  20.8   1.2   5.3 999.9 999.9
            BSG  27  1126.7N 120.3E  9999.9   20.8      6    6.1 1010.09999.9  20.9   1.1   5.4 999.9 999.9
            BSG  27  1226.7N 120.3E  9999.9   22.4     10    8.2 1010.49999.9  21.1   1.2   5.3 999.9 999.9
            BSG  27  1326.7N 120.3E  9999.9   22.7     14    8.0 1010.39999.9  21.0   1.2   5.7 999.9 999.9
            BSG  27  1426.7N 120.3E  9999.9   22.6     22    9.4 1009.89999.9  20.9   1.2   5.5 999.9 999.9
            BSG  27  1526.7N 120.3E  9999.9   22.9     20    9.4 1009.69999.9  21.0   1.2   5.5 999.9 999.9
            BSG  27  1626.7N 120.3E  9999.9   22.8     15    9.5 1008.89999.9  21.1   1.1   5.1 999.9 999.9
            BSG  27  1726.7N 120.3E  9999.9   21.6     17   10.4 1008.39999.9  21.1   1.2   5.0 999.9 999.9
            BSG  27  1826.7N 120.3E  9999.9   21.7     19   10.6 1008.59999.9  21.0   1.3   5.3 999.9 999.9
            BSG  27  1926.7N 120.3E  9999.9   21.4     10    8.1 1008.69999.9  20.9   1.6   5.3 999.9 999.9
            BSG  27  2026.7N 120.3E  9999.9   20.4     15    7.3 1009.09999.9  20.8   1.7   5.4 999.9 999.9
            BSG  27  2126.7N 120.3E  9999.9   20.2     10    8.4 1009.49999.9  20.8   1.9   5.5 999.9 999.9
            BSG  27  2226.7N 120.3E  9999.9   20.1     16   11.7 1010.09999.9  20.9   2.1   5.6 999.9 999.9
            BSG  27  2326.7N 120.3E  9999.9   19.8     23   13.7 1010.89999.9  20.9   1.9   5.6 999.9 999.9
            BSG  28  0026.7N 120.3E  9999.9   19.4     22   16.6 1010.79999.9  20.9   1.9   5.9 999.9 999.9
            BSG  28  0126.7N 120.3E  9999.9   19.1     20   14.9 1010.79999.9  20.9   1.9   5.6 999.9 999.9
            BSG  28  0226.7N 120.3E  9999.9   19.5     19   14.3 1010.69999.9  20.9   1.9   6.0 999.9 999.9
            BSG  28  0326.7N 120.3E  9999.9   19.8     22   14.3 1010.49999.9  20.9   1.8   6.2 999.9 999.9
            BSG  28  0426.7N 120.3E  9999.9   19.4     20   14.7 1009.99999.9  20.8   1.8   6.2 999.9 999.9
            BSG  28  0526.7N 120.3E  9999.9   18.8     16   15.5 1009.79999.9  20.8   1.7   6.0 999.9 999.9
            BSG  28  0626.7N 120.3E  9999.9   18.8     17   14.3 1009.69999.9  20.8   1.8   5.9 999.9 999.9
            BSG  28  0726.7N 120.3E  9999.9   19.2     13   14.8 1009.59999.9  20.7   1.7   5.6 999.9 999.9
            BSG  28  0826.7N 120.3E  9999.9   19.4     15   12.8 1009.69999.9  20.7   1.8   5.7 999.9 999.9
            BSG  28  0926.7N 120.3E  9999.9   19.4     15   14.2 1010.09999.9  20.7   2.0   5.9 999.9 999.9
            BSG  28  1026.7N 120.3E  9999.9   19.8     19   14.2 1010.59999.9  20.8   2.0   6.2 999.9 999.9
            BSG  28  1126.7N 120.3E  9999.9   20.1     15   13.5 1011.29999.9  20.9   2.3   6.1 999.9 999.9
            BSG  28  1226.7N 120.3E  9999.9   20.6     15   14.0 1011.39999.9  21.0   2.5   6.5 999.9 999.9
            BSG  28  1326.7N 120.3E  9999.9   21.4     24   15.0 1011.49999.9  21.0   2.3   6.1 999.9 999.9
            BSG  28  1426.7N 120.3E  9999.9   21.1     20   15.3 1010.99999.9  20.9   2.2   6.6 999.9 999.9
            BSG  28  1526.7N 120.3E  9999.9   20.4     22   16.2 1010.69999.9  20.9   2.2   6.5 999.9 999.9
            BSG  28  1626.7N 120.3E  9999.9   19.9     23   15.4 1009.99999.9  20.9   2.2   6.9 999.9 999.9
            BSG  28  1726.7N 120.3E  9999.9   19.8     17   15.8 1009.49999.9  20.9   2.3   7.0 999.9 999.9
            BSG  28  1826.7N 120.3E  9999.9   18.8     18   15.6 1009.59999.9  20.8   2.4   6.6 999.9 999.9
            BSG  28  1926.7N 120.3E  9999.9   18.9     18   15.2 1009.69999.9  20.8   2.5   6.8 999.9 999.9
            BSG  28  2026.7N 120.3E  9999.9   19.1     19   15.1 1009.99999.9  20.8   2.4   6.4 999.9 999.9
            BSG  28  2126.7N 120.3E  9999.9   19.2     22   15.0 1010.29999.9  20.7   2.5   6.8 999.9 999.9
            BSG  28  2226.7N 120.3E  9999.9   19.4     21   16.1 1010.89999.9  20.7   2.6   6.9 999.9 999.9
            BSG  28  2326.7N 120.3E  9999.9   19.5     22   14.9 1011.19999.9  20.7   2.3   6.7 999.9 999.9
            BSG  29  0026.7N 120.3E  9999.9   19.5     19   15.3 1011.59999.9  20.7   2.5   6.8 999.9 999.9
            BSG  29  0126.7N 120.3E  9999.9   19.3     22   15.0 1011.99999.9  20.7   2.5   7.2 999.9 999.9
            BSG  29  0226.7N 120.3E  9999.9   19.2     17   15.5 1011.69999.9  20.6   2.5   6.9 999.9 999.9
            BSG  29  0326.7N 120.3E  9999.9   19.2     21   15.0 1011.19999.9  20.6 999.9 999.9 999.9 999.9
            BSG  29  0426.7N 120.3E  9999.9   19.2     24   15.8 1010.89999.9  20.6   2.1   7.0 999.9 999.9
            BSG  29  0526.7N 120.3E  9999.9   19.1     17   15.6 1010.49999.9  20.5   2.2   7.1 999.9 999.9
            BSG  29  0626.7N 120.3E  9999.9   19.1     20   14.9 1010.19999.9  20.5   2.4   6.8 999.9 999.9
            BSG  29  0726.7N 120.3E  9999.9   18.8     21   14.0 1009.79999.9  20.6   2.1   6.6 999.9 999.9
            BSG  29  0826.7N 120.3E  9999.9   19.0     24   12.8 1010.39999.9  20.6   2.3   6.7 999.9 999.9
            BSG  29  0926.7N 120.3E  9999.9   18.9     24   13.2 1010.89999.9  20.6   2.2   6.1 999.9 999.9
            BSG  29  1026.7N 120.3E  9999.9   18.8     21   14.2 1011.19999.9  20.6   2.1   6.0 999.9 999.9
            BSG  29  1126.7N 120.3E  9999.9   19.6     19   14.0 1011.49999.9  20.8   2.1   6.0 999.9 999.9
            BSG  29  1226.7N 120.3E  9999.9   20.3     19   13.6 1011.79999.9  20.9   2.3   6.5 999.9 999.9
            BSG  29  1326.7N 120.3E  9999.9   20.5     16   14.2 1011.39999.9  20.9   2.2   6.4 999.9 999.9
            BSG  29  1426.7N 120.3E  9999.9   20.8     19   13.4 1010.99999.9  20.9   2.3   6.9 999.9 999.9
            BSG  29  1526.7N 120.3E  9999.9   20.8     21   14.4 1010.79999.9  20.9   2.4   7.2 999.9 999.9
            BSG  29  1626.7N 120.3E  9999.9   20.9     21   14.3 1009.99999.9  20.9   2.4   7.0 999.9 999.9
            BSG  29  1726.7N 120.3E  9999.9   20.9     20   14.3 1009.09999.9  20.9   2.4   6.8 999.9 999.9
            BSG  29  1826.7N 120.3E  9999.9   20.6     20   15.4 1008.89999.9  20.9   2.2   6.7 999.9 999.9
            BSG  29  1926.7N 120.3E  9999.9   20.4     22   14.3 1008.79999.9  20.8 999.9 999.9 999.9 999.9
            BSG  29  2026.7N 120.3E  9999.9   19.9     19   13.3 1009.29999.9  20.8   2.2   6.5 999.9 999.9
            BSG  29  2126.7N 120.3E  9999.9   19.8     18   11.9 1009.69999.9  20.8   2.3   6.6 999.9 999.9
            BSG  29  2226.7N 120.3E  9999.9   19.9     18   12.9 1009.99999.9  20.8   2.3   6.3 999.9 999.9
            BSG  29  2326.7N 120.3E  9999.9   19.9     19   13.8 1010.09999.9  20.8   2.5   6.8 999.9 999.9
            BSG  30  0026.7N 120.3E  9999.9   19.8     19   13.0 1010.39999.9  20.8   2.2   6.5 999.9 999.9
            BSG  30  0126.7N 120.3E  9999.9   19.8     21   13.4 1010.39999.9  20.8   2.3   6.6 999.9 999.9
            BSG  30  0226.7N 120.3E  9999.9   19.7     23   13.2 1009.99999.9  20.7   2.2   6.7 999.9 999.9
            BSG  30  0326.7N 120.3E  9999.9   19.5     20   14.1 1009.29999.9  20.7   2.2   7.0 999.9 999.9
            BSG  30  0426.7N 120.3E  9999.9   19.1     15   15.7 1008.49999.9  20.7   2.3   7.2 999.9 999.9
            BSG  30  0526.7N 120.3E  9999.9   19.0     16   15.8 1008.19999.9  20.6   2.2   7.4 999.9 999.9
            BSG  30  0626.7N 120.3E  9999.9   19.0     17   15.6 1007.89999.9  20.6   2.0   6.9 999.9 999.9
            BSG  30  0726.7N 120.3E  9999.9   18.9     11   15.6 1007.39999.9  20.6   2.1   6.9 999.9 999.9
            BSG  30  0826.7N 120.3E  9999.9   19.2     13   13.5 1007.69999.9  20.7   2.1   6.3 999.9 999.9
            BSG  30  0926.7N 120.3E  9999.9   19.3     14   14.1 1008.19999.9  20.7   2.1   6.8 999.9 999.9
            BSG  30  1026.7N 120.3E  9999.9   19.3     15   13.9 1008.39999.9  20.6   2.2   6.3 999.9 999.9
            BSG  30  1126.7N 120.3E  9999.9   19.6     16   13.8 1008.99999.9  20.6   2.3   6.3 999.9 999.9
            BSG  30  1226.7N 120.3E  9999.9   19.7     18   14.0 1009.29999.9  20.7   2.4   6.5 999.9 999.9
            BSG  30  1326.7N 120.3E  9999.9   19.9     22   14.4 1009.09999.9  20.7   2.1   6.3 999.9 999.9
            BSG  30  1426.7N 120.3E  9999.9   20.4     18   15.3 1008.39999.9  20.7   2.2   6.7 999.9 999.9
            BSG  30  1526.7N 120.3E  9999.9   20.6     18   15.3 1007.99999.9  20.7   2.3   6.5 999.9 999.9
            BSG  30  1626.7N 120.3E  9999.9   20.7     20   15.4 1007.19999.9  20.7   2.2   6.6 999.9 999.9
            BSG  30  1726.7N 120.3E  9999.9   20.6     22   15.2 1006.59999.9  20.7   2.5   6.9 999.9 999.9
            BSG  30  1826.7N 120.3E  9999.9   20.7     21   14.7 1006.69999.9  20.7   2.3   7.0 999.9 999.9
            BSG  30  1926.7N 120.3E  9999.9   20.5     22   14.6 1006.69999.9  20.7   2.3   6.7 999.9 999.9
            BSG  30  2026.7N 120.3E  9999.9   20.4     18   14.5 1006.99999.9  20.6   2.5   6.8 999.9 999.9
            BSG  30  2126.7N 120.3E  9999.9   20.4     19   14.4 1007.19999.9  20.6   2.5   6.8 999.9 999.9
            BSG  30  2226.7N 120.3E  9999.9   20.3     17   13.9 1007.79999.9  20.6 999.9 999.9 999.9 999.9
            BSG  30  2326.7N 120.3E  9999.9   20.1     22   15.8 1007.89999.9  20.6   2.5   6.8 999.9 999.9
            BSG  31  0026.7N 120.3E  9999.9   19.9     22   16.0 1008.09999.9  20.6   2.8   7.2 999.9 999.9
            BSG  31  0126.7N 120.3E  9999.9   19.7     19   15.3 1007.79999.9  20.6   2.5   6.9 999.9 999.9
            BSG  31  0226.7N 120.3E  9999.9   19.7     21   15.4 1007.59999.9  20.6   2.6   7.4 999.9 999.9
            BSG  31  0326.7N 120.3E  9999.9   19.6     17   16.5 1006.99999.9  20.6   2.5   7.3 999.9 999.9
            BSG  31  0426.7N 120.3E  9999.9   19.6     17   15.8 1006.79999.9  20.6   2.5   7.1 999.9 999.9
            BSG  31  0526.7N 120.3E  9999.9   19.5     12   16.8 1006.29999.9  20.6 999.9 999.9 999.9 999.9
            BSG  31  0626.7N 120.3E  9999.9   19.6     16   16.1 1005.59999.9  20.5   2.7   7.6 999.9 999.9
            BSG  31  0726.7N 120.3E  9999.9   19.7     15   16.5 1005.59999.9  20.5   2.5   7.0 999.9 999.9
            BSG  31  0826.7N 120.3E  9999.9   19.6     14   16.8 1005.89999.9  20.5   2.6   6.9 999.9 999.9
            BSG  31  0926.7N 120.3E  9999.9   19.4     19   16.5 1005.89999.9  20.5   2.8   7.0 999.9 999.9
            BSG  31  1026.7N 120.3E  9999.9   19.3     18   16.8 1005.89999.9  20.5   2.8   7.4 999.9 999.9
            BSG  31  1126.7N 120.3E  9999.9   18.9     18   16.7 1006.79999.9  20.5  99.7  99.7 999.9 999.9
            BSG  31  1226.7N 120.3E  9999.9   18.9     20   16.7 1007.59999.9  20.5  99.7  99.7 999.9 999.9
            BSG  31  1326.7N 120.3E  9999.9   19.3     16   17.2 1007.39999.9  20.5   3.0   7.8 999.9 999.9
            BSG  31  1426.7N 120.3E  9999.9   19.4     16   17.1 1007.49999.9  20.6   2.8   7.7 999.9 999.9
            BSG  31  1526.7N 120.3E  9999.9   19.2     23   16.8 1007.29999.9  20.6   2.8   7.5 999.9 999.9
            BSG  31  1626.7N 120.3E  9999.9   19.5     18   16.0 1006.09999.9  20.5   2.9   7.8 999.9 999.9
            BSG  31  1726.7N 120.3E  9999.9   18.3     21   15.5 1005.89999.9  20.5   2.4   7.5 999.9 999.9
            BSG  31  1826.7N 120.3E  9999.9   18.4     22   14.1 1006.19999.9  20.5   2.5   7.8 999.9 999.9
            BSG  31  1926.7N 120.3E  9999.9   19.2     22   13.1 1006.49999.9  20.5   2.6   7.4 999.9 999.9
            BSG  31  2026.7N 120.3E  9999.9   19.2     21   13.6 1006.69999.9  20.5   2.8   8.0 999.9 999.9
            BSG  31  2126.7N 120.3E  9999.9   19.4     22   14.3 1006.89999.9  20.4   2.6   8.0 999.9 999.9
            BSG  31  2226.7N 120.3E  9999.9   19.4     22   13.6 1007.49999.9  20.4   2.8   8.4 999.9 999.9
            BSG  31  2326.7N 120.3E  9999.9   19.2     16   14.7 1007.59999.9  20.4   2.8   7.8 999.9 999.9
