            XMD  01  0036.0N 120.4E  9999.9   21.7    136    3.1 1002.69999.9  20.7   0.4   4.4 999.9 999.9
            XMD  01  0136.0N 120.4E  9999.9   21.5     83    2.1 1003.79999.9  20.7   0.4   4.5 999.9 999.9
            XMD  01  0236.0N 120.4E  9999.9   21.7    132    1.9 1004.09999.9  20.7   0.4   4.9 999.9 999.9
            XMD  01  0336.0N 120.4E  9999.9   21.5    108    2.5 1003.19999.9  20.7   0.3   5.1 999.9 999.9
            XMD  01  0436.0N 120.4E  9999.9   21.3     60    1.5 1003.29999.9  20.7   0.4   4.4 999.9 999.9
            XMD  01  0536.0N 120.4E  9999.9   21.3     81    2.1 1002.69999.9  20.7   0.5   4.2 999.9 999.9
            XMD  01  0636.0N 120.4E  9999.9   21.1     62    1.9 1002.59999.9  20.7   0.5   4.1 999.9 999.9
            XMD  01  0736.0N 120.4E  9999.9   21.5    124    2.0 1002.69999.9  20.7   0.4   4.7 999.9 999.9
            XMD  01  0836.0N 120.4E  9999.9   21.3    104    2.1 1003.09999.9  20.7   0.3   4.7 999.9 999.9
            XMD  01  0936.0N 120.4E  9999.9   21.2     95    2.8 1003.59999.9  20.8   0.4   4.6 999.9 999.9
            XMD  01  1036.0N 120.4E  9999.9   21.5     92    2.8 1003.99999.9  20.8   0.4   4.3 999.9 999.9
            XMD  01  1136.0N 120.4E  9999.9   22.7     89    2.8 1004.29999.9  20.9   0.4   4.4 999.9 999.9
            XMD  01  1236.0N 120.4E  9999.9   23.7     99    2.7 1004.69999.9  20.9   0.4   4.2 999.9 999.9
            XMD  01  1336.0N 120.4E  9999.9   25.0     94    2.7 1004.59999.9  20.9   0.4   4.4 999.9 999.9
            XMD  01  1436.0N 120.4E  9999.9   26.2     94    2.1 1004.49999.9  21.0   0.3   4.5 999.9 999.9
            XMD  01  1536.0N 120.4E  9999.9   24.7    131    2.6 1004.39999.9  21.2   0.3   4.5 999.9 999.9
            XMD  01  1636.0N 120.4E  9999.9   25.0    140    2.9 1003.69999.9  21.4   0.3   4.7 999.9 999.9
            XMD  01  1736.0N 120.4E  9999.9   24.9    106    2.1 1003.79999.9  21.5   0.3   4.4 999.9 999.9
            XMD  01  1836.0N 120.4E  9999.9   24.9    119    2.0 1003.69999.9  21.4   0.4   3.9 999.9 999.9
            XMD  01  1936.0N 120.4E  9999.9   24.1    111    2.3 1003.29999.9  21.3   0.3   4.1 999.9 999.9
            XMD  01  2036.0N 120.4E  9999.9   24.0    103    1.6 1003.39999.9  21.2   0.3   4.1 999.9 999.9
            XMD  01  2136.0N 120.4E  9999.9   23.0     84    1.5 1003.49999.9  21.2   0.3   4.4 999.9 999.9
            XMD  01  2236.0N 120.4E  9999.9   22.2     97    3.0 1002.99999.9  21.2   0.3   4.1 999.9 999.9
            XMD  01  2336.0N 120.4E  9999.9   21.8     80    2.2 1003.19999.9  21.1   0.4   4.2 999.9 999.9
            XMD  02  0036.0N 120.4E  9999.9   21.6     71    2.7 1003.99999.9  21.1   0.4   3.9 999.9 999.9
            XMD  02  0136.0N 120.4E  9999.9   21.6     55    2.3 1005.29999.9  21.0   0.4   4.4 999.9 999.9
            XMD  02  0236.0N 120.4E  9999.9   21.6     70    2.0 1005.69999.9  21.0   0.3   4.6 999.9 999.9
            XMD  02  0336.0N 120.4E  9999.9   21.5     54    1.7 1005.69999.9  20.9   0.3   4.6 999.9 999.9
            XMD  02  0436.0N 120.4E  9999.9   21.5     78    3.1 1004.69999.9  20.9   0.3   4.5 999.9 999.9
            XMD  02  0536.0N 120.4E  9999.9   21.6     85    3.5 1003.99999.9  20.9   0.4   4.3 999.9 999.9
            XMD  02  0636.0N 120.4E  9999.9   21.5     70    2.0 1004.39999.9  21.0   0.5   4.0 999.9 999.9
            XMD  02  0736.0N 120.4E  9999.9   21.3     80    2.8 1004.09999.9  21.0   0.4   4.1 999.9 999.9
            XMD  02  0836.0N 120.4E  9999.9   21.5     43    1.5 1004.99999.9  21.0   0.4   3.9 999.9 999.9
            XMD  02  0936.0N 120.4E  9999.9   21.7     84    2.2 1005.29999.9  21.0   0.4   4.2 999.9 999.9
            XMD  02  1036.0N 120.4E  9999.9   23.4     79    1.6 1005.29999.9  21.0   0.4   4.2 999.9 999.9
            XMD  02  1136.0N 120.4E  9999.9   24.7     78    1.8 1005.89999.9  21.1   0.4   4.1 999.9 999.9
            XMD  02  1236.0N 120.4E  9999.9   24.6     72    2.3 1005.59999.9  21.1   0.4   4.1 999.9 999.9
            XMD  02  1336.0N 120.4E  9999.9   25.9     63    3.3 1005.29999.9  21.1   0.5   4.2 999.9 999.9
            XMD  02  1436.0N 120.4E  9999.9   24.9     88    3.5 1004.99999.9  21.3   0.5   4.2 999.9 999.9
            XMD  02  1536.0N 120.4E  9999.9   25.7     94    3.7 1004.89999.9  21.3   0.4   4.5 999.9 999.9
            XMD  02  1636.0N 120.4E  9999.9   25.2     96    4.1 1004.99999.9  21.5   0.4   4.2 999.9 999.9
            XMD  02  1736.0N 120.4E  9999.9   24.4     95    3.6 1005.29999.9  21.5   0.4   4.4 999.9 999.9
            XMD  02  1836.0N 120.4E  9999.9   24.8     85    3.4 1004.69999.9  21.6   0.5   4.2 999.9 999.9
            XMD  02  1936.0N 120.4E  9999.9   23.8     77    2.5 1004.79999.9  21.5   0.5   4.1 999.9 999.9
            XMD  02  2036.0N 120.4E  9999.9   23.5     84    3.0 1004.39999.9  21.5   0.4   4.1 999.9 999.9
            XMD  02  2136.0N 120.4E  9999.9   22.8     74    2.9 1004.49999.9  21.5   0.4   4.0 999.9 999.9
            XMD  02  2236.0N 120.4E  9999.9   22.3     75    3.1 1004.59999.9  21.5   0.4   4.4 999.9 999.9
            XMD  02  2336.0N 120.4E  9999.9   22.1     72    2.9 1005.09999.9  21.4   0.4   4.1 999.9 999.9
            XMD  03  0036.0N 120.4E  9999.9   22.2     76    3.6 1005.19999.9  21.4   0.4   4.0 999.9 999.9
            XMD  03  0136.0N 120.4E  9999.9   22.2     74    3.8 1004.79999.9  21.4   0.5   4.0 999.9 999.9
            XMD  03  0236.0N 120.4E  9999.9   22.3     73    4.8 1004.29999.9  21.4   0.5   3.9 999.9 999.9
            XMD  03  0336.0N 120.4E  9999.9   22.3     74    4.5 1003.79999.9  21.3   0.5   3.9 999.9 999.9
            XMD  03  0436.0N 120.4E  9999.9   22.4     69    4.0 1003.29999.9  21.2   0.6   3.8 999.9 999.9
            XMD  03  0536.0N 120.4E  9999.9   22.3     59    4.7 1001.99999.9  21.2   0.7   4.0 999.9 999.9
            XMD  03  0636.0N 120.4E  9999.9   22.2     62    6.9 1000.79999.9  21.2   0.8   4.1 999.9 999.9
            XMD  03  0736.0N 120.4E  9999.9   22.2     61    6.8 1000.29999.9  21.4   1.0   4.5 999.9 999.9
            XMD  03  0836.0N 120.4E  9999.9   22.0     63    6.7  999.69999.9  21.4   1.3   4.7 999.9 999.9
            XMD  03  0936.0N 120.4E  9999.9   21.8     56    4.8  999.39999.9  21.3  99.8  99.8 999.9 999.9
            XMD  03  1036.0N 120.4E  9999.9   19.7     67   10.6  999.39999.9  21.4   0.9   5.2 999.9 999.9
            XMD  03  1136.0N 120.4E  9999.9   19.5     62    4.1  998.79999.9  21.4   1.1   5.6 999.9 999.9
            XMD  03  1236.0N 120.4E  9999.9   20.0     19    8.2  996.59999.9  21.4   1.6   6.4 999.9 999.9
            XMD  03  1336.0N 120.4E  9999.9   21.0     11    4.5  996.19999.9  21.5   1.7   6.6 999.9 999.9
            XMD  03  1436.0N 120.4E  9999.9   22.1    358    5.6  994.69999.9  21.5   1.7   6.7 999.9 999.9
            XMD  03  1536.0N 120.4E  9999.9   24.3     14    6.7  994.29999.9  21.5   1.4   6.9 999.9 999.9
            XMD  03  1636.0N 120.4E  9999.9   25.7      2    8.9  993.59999.9  21.5   1.1   7.1 999.9 999.9
            XMD  03  1736.0N 120.4E  9999.9   24.8    336    7.6  994.19999.9  21.4   1.1   7.9 999.9 999.9
            XMD  03  1836.0N 120.4E  9999.9   24.3    345    8.4  994.69999.9  21.4   1.2   7.4 999.9 999.9
            XMD  03  1936.0N 120.4E  9999.9   22.7    353    6.5  995.19999.9  21.4   1.1   7.2 999.9 999.9
            XMD  03  2036.0N 120.4E  9999.9   23.3    337    6.3  995.49999.9  21.5   1.0   7.3 999.9 999.9
            XMD  03  2136.0N 120.4E  9999.9   23.5    337    6.1  996.09999.9  21.4   1.1   7.3 999.9 999.9
            XMD  03  2236.0N 120.4E  9999.9   23.3    330    5.8  996.79999.9  21.4   0.9   7.0 999.9 999.9
            XMD  03  2336.0N 120.4E  9999.9   23.0    337    5.2  997.79999.9  21.4   0.8   6.9 999.9 999.9
            XMD  04  0036.0N 120.4E  9999.9   22.4    336    6.2  998.99999.9  21.4   0.9   6.7 999.9 999.9
            XMD  04  0136.0N 120.4E  9999.9   21.9    328    4.1  999.99999.9  21.4   0.8   6.8 999.9 999.9
            XMD  04  0236.0N 120.4E  9999.9   21.6    304    3.1 1000.39999.9  21.4   0.7   6.9 999.9 999.9
            XMD  04  0336.0N 120.4E  9999.9   21.8    308    3.8 1000.69999.9  21.3   0.6   6.8 999.9 999.9
            XMD  04  0436.0N 120.4E  9999.9   21.1    326    2.9 1000.89999.9  21.3   0.6   6.9 999.9 999.9
            XMD  04  0536.0N 120.4E  9999.9   20.7    313    2.1 1001.09999.9  21.3   0.6   7.1 999.9 999.9
            XMD  04  0636.0N 120.4E  9999.9   20.6    318    2.8 1001.69999.9  21.3   0.6   6.6 999.9 999.9
            XMD  04  0736.0N 120.4E  9999.9   20.4    322    2.3 1002.39999.9  21.3   0.6   6.5 999.9 999.9
            XMD  04  0836.0N 120.4E  9999.9   20.3    344    2.9 1002.19999.9  21.4   0.6   6.2 999.9 999.9
            XMD  04  0936.0N 120.4E  9999.9   20.4    327    1.5 1003.09999.9  21.5   0.6   6.5 999.9 999.9
            XMD  04  1036.0N 120.4E  9999.9   22.6    242    1.1 1004.09999.9  21.5   0.5   6.4 999.9 999.9
            XMD  04  1136.0N 120.4E  9999.9   23.1    238    2.8 1004.29999.9  21.5   0.5   6.6 999.9 999.9
            XMD  04  1236.0N 120.4E  9999.9   23.8    227    2.6 1004.09999.9  21.6   0.5   6.4 999.9 999.9
            XMD  04  1336.0N 120.4E  9999.9   23.5    209    2.7 1004.69999.9  21.7   0.6   6.7 999.9 999.9
            XMD  04  1436.0N 120.4E  9999.9   24.9    202    2.2 1004.89999.9  21.7   0.6   6.2 999.9 999.9
            XMD  04  1536.0N 120.4E  9999.9   25.2    151    2.9 1004.29999.9  21.7   0.5   6.5 999.9 999.9
            XMD  04  1636.0N 120.4E  9999.9   25.5    188    1.5 1004.69999.9  21.8   0.4   5.8 999.9 999.9
            XMD  04  1736.0N 120.4E  9999.9   25.9    185    3.6 1004.79999.9  22.0   0.5   6.8 999.9 999.9
            XMD  04  1836.0N 120.4E  9999.9   25.9    174    2.1 1004.59999.9  22.1   0.4   6.3 999.9 999.9
            XMD  04  1936.0N 120.4E  9999.9   24.2    146    1.8 1004.49999.9  22.2   0.4   6.4 999.9 999.9
            XMD  04  2036.0N 120.4E  9999.9   23.1    133    1.7 1004.69999.9  22.1   0.4   6.5 999.9 999.9
            XMD  04  2136.0N 120.4E  9999.9   22.6    111    1.5 1004.99999.9  22.0   0.4   6.2 999.9 999.9
            XMD  04  2236.0N 120.4E  9999.9   22.2     74    1.4 1005.39999.9  21.8   0.4   5.6 999.9 999.9
            XMD  04  2336.0N 120.4E  9999.9   21.8     71    1.7 1005.99999.9  21.8   0.5   6.2 999.9 999.9
            XMD  05  0036.0N 120.4E  9999.9   21.8    122    1.7 1006.49999.9  21.7   0.5   6.2 999.9 999.9
            XMD  05  0136.0N 120.4E  9999.9   21.7     65    1.5 1006.49999.9  21.6   0.5   5.9 999.9 999.9
            XMD  05  0236.0N 120.4E  9999.9   22.0     67    1.7 1006.19999.9  21.6   0.5   5.7 999.9 999.9
            XMD  05  0336.0N 120.4E  9999.9   21.9     78    1.7 1006.09999.9  21.6   0.5   4.9 999.9 999.9
            XMD  05  0436.0N 120.4E  9999.9   22.0     69    1.7 1005.79999.9  21.5   0.5   5.8 999.9 999.9
            XMD  05  0536.0N 120.4E  9999.9   22.1     70    1.9 1005.49999.9  21.5   0.5   5.7 999.9 999.9
            XMD  05  0636.0N 120.4E  9999.9   22.4    119    1.5 1005.49999.9  21.5   0.4   5.5 999.9 999.9
            XMD  05  0736.0N 120.4E  9999.9   22.2    116    1.7 1005.49999.9  21.5   0.4   5.2 999.9 999.9
            XMD  05  0836.0N 120.4E  9999.9   22.2    112    2.0 1005.79999.9  21.5   0.5   5.6 999.9 999.9
            XMD  05  0936.0N 120.4E  9999.9   22.1     86    1.2 1006.29999.9  21.5   0.5   5.3 999.9 999.9
            XMD  05  1036.0N 120.4E  9999.9   22.1     78    1.3 1006.19999.9  21.5   0.5   5.2 999.9 999.9
            XMD  05  1136.0N 120.4E  9999.9   22.6     87    1.0 1006.69999.9  21.5   0.4   5.2 999.9 999.9
            XMD  05  1236.0N 120.4E  9999.9   22.9     61    1.0 1006.39999.9  21.5   0.4   5.5 999.9 999.9
            XMD  05  1336.0N 120.4E  9999.9   22.6    111    1.3 1006.39999.9  21.6   0.5   4.9 999.9 999.9
            XMD  05  1436.0N 120.4E  9999.9   22.4    209    2.5 1006.39999.9  21.6   0.5   4.9 999.9 999.9
            XMD  05  1536.0N 120.4E  9999.9   23.2    191    1.2 1005.79999.9  21.7   0.6   4.6 999.9 999.9
            XMD  05  1636.0N 120.4E  9999.9   23.9    127    1.7 1005.69999.9  21.8   0.6   4.9 999.9 999.9
            XMD  05  1736.0N 120.4E  9999.9   25.2    175    3.3 1005.59999.9  21.9   0.5   3.9 999.9 999.9
            XMD  05  1836.0N 120.4E  9999.9   23.2    187    4.5 1005.59999.9  21.9   0.5   4.8 999.9 999.9
            XMD  05  1936.0N 120.4E  9999.9   23.1    194    3.4 1005.49999.9  22.0   0.5   5.7 999.9 999.9
            XMD  05  2036.0N 120.4E  9999.9   23.1    185    2.7 1004.99999.9  22.0   0.6   5.0 999.9 999.9
            XMD  05  2136.0N 120.4E  9999.9   22.1    154    2.4 1004.79999.9  21.9   0.6   5.0 999.9 999.9
            XMD  05  2236.0N 120.4E  9999.9   21.2    163    1.3 1005.49999.9  21.9   0.6   4.6 999.9 999.9
            XMD  05  2336.0N 120.4E  9999.9   20.8    144    1.5 1005.39999.9  21.9   0.6   4.9 999.9 999.9
            XMD  06  0036.0N 120.4E  9999.9   20.5     50    1.1 1005.79999.9  21.9   0.5   4.9 999.9 999.9
            XMD  06  0136.0N 120.4E  9999.9   20.3     53    1.3 1005.79999.9  21.8   0.5   4.9 999.9 999.9
            XMD  06  0236.0N 120.4E  9999.9   20.5     93    1.3 1005.39999.9  21.8   0.5   5.0 999.9 999.9
            XMD  06  0336.0N 120.4E  9999.9   20.6     72    1.0 1005.19999.9  21.8   0.5   5.2 999.9 999.9
            XMD  06  0436.0N 120.4E  9999.9   20.5     59    1.1 1004.69999.9  21.8   0.6   5.1 999.9 999.9
            XMD  06  0536.0N 120.4E  9999.9   20.5     90    0.2 1005.29999.9  21.8   0.7   5.4 999.9 999.9
            XMD  06  0636.0N 120.4E  9999.9   20.2     74    0.9 1005.09999.9  21.8   0.6   5.7 999.9 999.9
            XMD  06  0736.0N 120.4E  9999.9   20.2     64    1.3 1004.59999.9  21.6   0.6   5.8 999.9 999.9
            XMD  06  0836.0N 120.4E  9999.9   20.5     80    1.8 1004.09999.9  21.6   0.6   5.6 999.9 999.9
            XMD  06  0936.0N 120.4E  9999.9   20.8     56    1.9 1004.19999.9  21.7   0.7   6.0 999.9 999.9
            XMD  06  1036.0N 120.4E  9999.9   22.5     77    1.2 1004.59999.9  21.8   0.7   5.6 999.9 999.9
            XMD  06  1136.0N 120.4E  9999.9   22.9     86    2.3 1004.39999.9  22.0   0.7   5.5 999.9 999.9
            XMD  06  1236.0N 120.4E  9999.9   23.8     86    2.9 1004.69999.9  22.0   0.6   5.4 999.9 999.9
            XMD  06  1336.0N 120.4E  9999.9   23.8     90    2.8 1005.09999.9  22.0   0.5   5.2 999.9 999.9
            XMD  06  1436.0N 120.4E  9999.9   24.4     99    3.4 1005.19999.9  22.2   0.5   5.3 999.9 999.9
            XMD  06  1536.0N 120.4E  9999.9   24.1    104    2.6 1005.29999.9  22.2   0.6   5.3 999.9 999.9
            XMD  06  1636.0N 120.4E  9999.9   24.0    119    2.7 1004.79999.9  22.2   0.5   5.5 999.9 999.9
            XMD  06  1736.0N 120.4E  9999.9   23.8    113    2.6 1004.29999.9  22.3   0.5   5.4 999.9 999.9
            XMD  06  1836.0N 120.4E  9999.9   23.9    110    1.7 1004.29999.9  22.3   0.4   5.5 999.9 999.9
            XMD  06  1936.0N 120.4E  9999.9   23.7    100    1.6 1003.89999.9  22.4   0.4   5.9 999.9 999.9
            XMD  06  2036.0N 120.4E  9999.9   23.4    136    2.1 1003.59999.9  22.4   0.5   5.8 999.9 999.9
            XMD  06  2136.0N 120.4E  9999.9   23.0    145    1.9 1003.59999.9  22.4   0.5   5.7 999.9 999.9
            XMD  06  2236.0N 120.4E  9999.9   22.1    125    1.1 1004.09999.9  22.4   0.5   5.5 999.9 999.9
            XMD  06  2336.0N 120.4E  9999.9   21.5    100    1.6 1004.59999.9  22.4   0.5   5.6 999.9 999.9
            XMD  07  0036.0N 120.4E  9999.9   21.4    136    1.9 1005.89999.9  22.4   0.5   5.6 999.9 999.9
            XMD  07  0136.0N 120.4E  9999.9   21.6    154    2.3 1006.09999.9  22.4   0.5   5.6 999.9 999.9
            XMD  07  0236.0N 120.4E  9999.9   21.5    147    1.1 1005.99999.9  22.4   0.4   5.9 999.9 999.9
            XMD  07  0336.0N 120.4E  9999.9   21.4    135    0.8 1005.69999.9  22.3   0.5   5.9 999.9 999.9
            XMD  07  0436.0N 120.4E  9999.9   21.3    133    0.9 1005.19999.9  22.2   0.5   5.8 999.9 999.9
            XMD  07  0536.0N 120.4E  9999.9   21.0    131    0.1 1004.89999.9  22.2   0.5   5.3 999.9 999.9
            XMD  07  0636.0N 120.4E  9999.9   21.0     79    1.3 1004.59999.9  22.2   0.5   5.5 999.9 999.9
            XMD  07  0736.0N 120.4E  9999.9   21.1     93    1.6 1004.19999.9  22.1   0.5   6.0 999.9 999.9
            XMD  07  0836.0N 120.4E  9999.9   21.1     82    1.5 1004.39999.9  22.1   0.5   6.2 999.9 999.9
            XMD  07  0936.0N 120.4E  9999.9   21.4     58    2.0 1004.79999.9  22.1   0.5   6.2 999.9 999.9
            XMD  07  1036.0N 120.4E  9999.9   21.7    109    2.1 1005.09999.9  22.1   0.4   6.0 999.9 999.9
            XMD  07  1136.0N 120.4E  9999.9   22.0    112    1.9 1006.09999.9  22.1   0.5   6.0 999.9 999.9
            XMD  07  1236.0N 120.4E  9999.9   22.0     97    3.0 1005.79999.9  22.2   0.5   5.8 999.9 999.9
            XMD  07  1336.0N 120.4E  9999.9   22.2     47    3.0 1004.99999.9  22.3   0.5   6.2 999.9 999.9
            XMD  07  1436.0N 120.4E  9999.9   23.6     45    0.9 1005.19999.9  22.4   0.5   6.2 999.9 999.9
            XMD  07  1536.0N 120.4E  9999.9   23.5    117    1.8 1004.59999.9  22.3   0.5   6.2 999.9 999.9
            XMD  07  1636.0N 120.4E  9999.9   23.7    147    1.2 1004.29999.9  22.3   0.5   5.8 999.9 999.9
            XMD  07  1736.0N 120.4E  9999.9   23.4    213    2.4 1004.59999.9  22.4   0.5   5.9 999.9 999.9
            XMD  07  1836.0N 120.4E  9999.9   24.5    192    1.5 1004.19999.9  22.5   0.5   6.4 999.9 999.9
            XMD  07  1936.0N 120.4E  9999.9   24.8    177    0.8 1003.09999.9  22.4   0.4   6.5 999.9 999.9
            XMD  07  2036.0N 120.4E  9999.9   23.7     90    1.8 1002.29999.9  22.5   0.4   6.8 999.9 999.9
            XMD  07  2136.0N 120.4E  9999.9   23.1     87    1.2 1002.69999.9  22.5   0.4   6.4 999.9 999.9
            XMD  07  2236.0N 120.4E  9999.9   22.5    123    2.1 1003.59999.9  22.4   0.4   6.4 999.9 999.9
            XMD  07  2336.0N 120.4E  9999.9   22.3    135    2.0 1004.29999.9  22.4   0.4   6.1 999.9 999.9
            XMD  08  0036.0N 120.4E  9999.9   21.8    185    1.5 1005.09999.9  22.4   0.5   6.3 999.9 999.9
            XMD  08  0136.0N 120.4E  9999.9   21.5    290    0.3 1005.09999.9  22.4   0.5   6.3 999.9 999.9
            XMD  08  0236.0N 120.4E  9999.9   21.5    349    1.2 1004.69999.9  22.4   0.4   6.6 999.9 999.9
            XMD  08  0336.0N 120.4E  9999.9   21.7    211    1.6 1004.49999.9  22.4   0.4   7.0 999.9 999.9
            XMD  08  0436.0N 120.4E  9999.9   21.5    187    0.9 1003.89999.9  22.3   0.4   6.4 999.9 999.9
            XMD  08  0536.0N 120.4E  9999.9   20.9    226    2.2 1003.39999.9  22.3   0.5   6.3 999.9 999.9
            XMD  08  0636.0N 120.4E  9999.9   20.9    238    1.8 1002.79999.9  22.3   0.5   6.6 999.9 999.9
            XMD  08  0736.0N 120.4E  9999.9   20.7    230    2.1 1002.89999.9  22.2   0.6   6.6 999.9 999.9
            XMD  08  0836.0N 120.4E  9999.9   20.6     30    0.7 1003.49999.9  22.2   0.5   6.7 999.9 999.9
            XMD  08  0936.0N 120.4E  9999.9   20.8    193    0.2 1004.09999.9  22.3   0.5   7.1 999.9 999.9
            XMD  08  1036.0N 120.4E  9999.9   21.1    102    0.4 1004.49999.9  22.3   0.5   7.0 999.9 999.9
            XMD  08  1136.0N 120.4E  9999.9   21.8     56    1.4 1004.69999.9  22.5   0.5   6.8 999.9 999.9
            XMD  08  1236.0N 120.4E  9999.9   22.0    125    1.1 1004.59999.9  22.6   0.5   6.4 999.9 999.9
            XMD  08  1336.0N 120.4E  9999.9   23.6    156    1.2 1004.29999.9  22.6   0.5   7.0 999.9 999.9
            XMD  08  1436.0N 120.4E  9999.9   23.8    142    1.0 1003.89999.9  22.6   0.5   6.8 999.9 999.9
            XMD  08  1536.0N 120.4E  9999.9   24.5    151    2.1 1003.99999.9  22.7   0.5   6.7 999.9 999.9
            XMD  08  1636.0N 120.4E  9999.9   24.8     76    1.2 1003.19999.9  22.7   0.5   6.7 999.9 999.9
            XMD  08  1736.0N 120.4E  9999.9   24.7    152    2.4 1002.79999.9  22.6   0.6   7.1 999.9 999.9
            XMD  08  1836.0N 120.4E  9999.9   23.8    114    1.8 1002.69999.9  22.6   0.6   6.7 999.9 999.9
            XMD  08  1936.0N 120.4E  9999.9   23.2    140    3.0 1002.89999.9  22.7   0.5   7.1 999.9 999.9
            XMD  08  2036.0N 120.4E  9999.9   23.2    178    1.8 1001.49999.9  22.5   0.4   7.2 999.9 999.9
            XMD  08  2136.0N 120.4E  9999.9   22.8    105    1.6 1001.39999.9  22.5   0.4   7.1 999.9 999.9
            XMD  08  2236.0N 120.4E  9999.9   22.8    147    0.7 1001.89999.9  22.5   0.4   6.7 999.9 999.9
            XMD  08  2336.0N 120.4E  9999.9   22.8      C    0.0 1002.29999.9  22.6   0.4   6.4 999.9 999.9
            XMD  09  0036.0N 120.4E  9999.9   22.7    210    1.2 1002.79999.9  22.6   0.4   6.3 999.9 999.9
            XMD  09  0136.0N 120.4E  9999.9   22.4     74    1.4 1002.09999.9  22.5   0.4   6.2 999.9 999.9
            XMD  09  0236.0N 120.4E  9999.9   22.5     65    0.7 1002.19999.9  22.4   0.4   6.0 999.9 999.9
            XMD  09  0336.0N 120.4E  9999.9   22.7    160    0.9 1001.99999.9  22.5   0.3   5.9 999.9 999.9
            XMD  09  0436.0N 120.4E  9999.9   22.6    236    1.7 1001.99999.9  22.6   0.3   6.2 999.9 999.9
            XMD  09  0536.0N 120.4E  9999.9   22.2    116    1.2 1001.49999.9  22.6   0.4   6.2 999.9 999.9
            XMD  09  0636.0N 120.4E  9999.9   22.2    128    2.0 1001.49999.9  22.5   0.4   6.1 999.9 999.9
            XMD  09  0736.0N 120.4E  9999.9   21.7     82    1.1 1001.29999.9  22.8   0.4   5.8 999.9 999.9
            XMD  09  0836.0N 120.4E  9999.9   21.8    131    1.5 1001.49999.9  22.6   0.4   6.1 999.9 999.9
            XMD  09  0936.0N 120.4E  9999.9   21.7    154    0.6 1001.89999.9  22.6   0.4   6.7 999.9 999.9
            XMD  09  1036.0N 120.4E  9999.9   22.0     48    0.8 1002.49999.9  22.6   0.4   6.6 999.9 999.9
            XMD  09  1136.0N 120.4E  9999.9   22.9    236    0.6 1003.09999.9  22.5   0.4   6.4 999.9 999.9
            XMD  09  1236.0N 120.4E  9999.9   24.1    121    1.3 1002.89999.9  22.6   0.5   5.2 999.9 999.9
            XMD  09  1336.0N 120.4E  9999.9   24.9     99    1.0 1002.89999.9  22.6   0.4   5.4 999.9 999.9
            XMD  09  1436.0N 120.4E  9999.9   26.3    165    2.2 1002.69999.9  22.7   0.4   5.5 999.9 999.9
            XMD  09  1536.0N 120.4E  9999.9   26.5    199    0.9 1003.19999.9  22.7   0.4   5.2 999.9 999.9
            XMD  09  1636.0N 120.4E  9999.9   27.8    173    1.3 1003.29999.9  22.8   0.4   4.6 999.9 999.9
            XMD  09  1736.0N 120.4E  9999.9   23.9    142    5.1 1002.99999.9  22.7   0.4   4.9 999.9 999.9
            XMD  09  1836.0N 120.4E  9999.9   23.3    149    1.7 1001.69999.9  22.8   0.4   5.3 999.9 999.9
            XMD  09  1936.0N 120.4E  9999.9   23.9    205    1.9 1001.79999.9  22.8   0.4   5.7 999.9 999.9
            XMD  09  2036.0N 120.4E  9999.9   24.9    298    1.0 1001.69999.9  22.7   0.4   5.4 999.9 999.9
            XMD  09  2136.0N 120.4E  9999.9   24.9    145    1.2 1001.99999.9  22.6   0.3   5.5 999.9 999.9
            XMD  09  2236.0N 120.4E  9999.9   23.9    185    2.8 1001.09999.9  22.4   0.3   6.1 999.9 999.9
            XMD  09  2336.0N 120.4E  9999.9   23.0    217    1.8 1002.09999.9  22.4   0.3   5.7 999.9 999.9
            XMD  10  0036.0N 120.4E  9999.9   22.5    201    1.9 1002.49999.9  22.5   0.3   5.5 999.9 999.9
            XMD  10  0136.0N 120.4E  9999.9   22.1    147    1.6 1002.79999.9  22.5   0.4   5.1 999.9 999.9
            XMD  10  0236.0N 120.4E  9999.9   21.8     38    2.3 1002.79999.9  22.6   0.3   5.3 999.9 999.9
            XMD  10  0336.0N 120.4E  9999.9   22.6     92    2.6 1002.69999.9  22.6   0.3   6.0 999.9 999.9
            XMD  10  0436.0N 120.4E  9999.9   22.6     74    1.2 1001.79999.9  22.6   0.3   5.3 999.9 999.9
            XMD  10  0536.0N 120.4E  9999.9   22.7     56    1.5 1001.89999.9  22.6   0.3   5.3 999.9 999.9
            XMD  10  0636.0N 120.4E  9999.9   22.7    101    1.6 1001.99999.9  22.5   0.4   4.6 999.9 999.9
            XMD  10  0736.0N 120.4E  9999.9   22.7     53    2.3 1001.39999.9  22.6   0.4   4.4 999.9 999.9
            XMD  10  0836.0N 120.4E  9999.9   22.6     85    1.4 1001.19999.9  22.6   0.4   4.9 999.9 999.9
            XMD  10  0936.0N 120.4E  9999.9   23.1     87    1.3 1001.89999.9  22.6   0.4   4.8 999.9 999.9
            XMD  10  1036.0N 120.4E  9999.9   24.6     66    1.1 1002.09999.9  22.7   0.3   4.6 999.9 999.9
            XMD  10  1136.0N 120.4E  9999.9   26.0     74    1.0 1002.29999.9  22.9   0.4   4.5 999.9 999.9
            XMD  10  1236.0N 120.4E  9999.9   25.3     80    1.8 1002.59999.9  23.1   0.4   4.2 999.9 999.9
            XMD  10  1336.0N 120.4E  9999.9   26.6     89    2.3 1002.99999.9  23.4   0.5   4.1 999.9 999.9
            XMD  10  1436.0N 120.4E  9999.9   27.0    146    2.1 1003.29999.9  23.3   0.5   4.2 999.9 999.9
            XMD  10  1536.0N 120.4E  9999.9   27.3    189    2.0 1003.19999.9  23.2   0.4   4.5 999.9 999.9
            XMD  10  1636.0N 120.4E  9999.9   27.7    165    1.4 1002.89999.9  23.2   0.4   4.7 999.9 999.9
            XMD  10  1736.0N 120.4E  9999.9   27.8    159    1.3 1002.79999.9  23.2   0.4   4.9 999.9 999.9
            XMD  10  1836.0N 120.4E  9999.9   27.2    125    0.9 1002.69999.9  23.1   0.4   4.7 999.9 999.9
            XMD  10  1936.0N 120.4E  9999.9   27.7     73    2.2 1002.29999.9  23.0   0.4   5.2 999.9 999.9
            XMD  10  2036.0N 120.4E  9999.9   26.5    100    3.6 1001.89999.9  22.9   0.4   5.0 999.9 999.9
            XMD  10  2136.0N 120.4E  9999.9   25.3    125    1.9 1002.39999.9  22.9   0.3   5.1 999.9 999.9
            XMD  10  2236.0N 120.4E  9999.9   24.9     81    1.2 1002.69999.9  22.8   0.3   5.3 999.9 999.9
            XMD  10  2336.0N 120.4E  9999.9   24.7     82    1.8 1003.09999.9  22.8   0.3   5.0 999.9 999.9
            XMD  11  0036.0N 120.4E  9999.9   24.7     49    2.4 1003.69999.9  22.8   0.3   4.5 999.9 999.9
            XMD  11  0136.0N 120.4E  9999.9   24.7     68    1.8 1004.39999.9  22.9   0.4   4.1 999.9 999.9
            XMD  11  0236.0N 120.4E  9999.9   24.9     47    2.2 1004.49999.9  23.0   0.5   4.0 999.9 999.9
            XMD  11  0336.0N 120.4E  9999.9   25.0     84    2.4 1004.29999.9  22.9   0.4   4.6 999.9 999.9
            XMD  11  0436.0N 120.4E  9999.9   25.0    102    2.8 1003.79999.9  22.9   0.4   4.7 999.9 999.9
            XMD  11  0536.0N 120.4E  9999.9   24.8    101    1.7 1003.79999.9  22.9   0.4   4.7 999.9 999.9
            XMD  11  0636.0N 120.4E  9999.9   24.5     69    1.7 1003.89999.9  22.9   0.4   4.5 999.9 999.9
            XMD  11  0736.0N 120.4E  9999.9   24.2     62    1.5 1003.29999.9  22.8   0.5   4.4 999.9 999.9
            XMD  11  0836.0N 120.4E  9999.9   24.3     81    1.6 1003.89999.9  22.8   0.4   4.3 999.9 999.9
            XMD  11  0936.0N 120.4E  9999.9   24.1     82    2.1 1004.09999.9  22.8   0.4   4.4 999.9 999.9
            XMD  11  1036.0N 120.4E  9999.9   24.5     93    1.2 1004.59999.9  22.8   0.3   4.8 999.9 999.9
            XMD  11  1136.0N 120.4E  9999.9   25.0      C    0.0 1005.09999.9  23.0   0.4   5.1 999.9 999.9
            XMD  11  1236.0N 120.4E  9999.9   26.4    171    0.4 1005.39999.9  23.2   0.4   4.9 999.9 999.9
            XMD  11  1336.0N 120.4E  9999.9   27.9    147    0.4 1005.19999.9  23.2   0.5   4.5 999.9 999.9
            XMD  11  1436.0N 120.4E  9999.9   27.6    114    1.7 1005.09999.9  23.1   0.5   4.7 999.9 999.9
            XMD  11  1536.0N 120.4E  9999.9   27.7     94    1.6 1005.29999.9  23.1   0.5   4.6 999.9 999.9
            XMD  11  1636.0N 120.4E  9999.9   25.4     90    3.6 1005.29999.9  23.1   0.5   4.9 999.9 999.9
            XMD  11  1736.0N 120.4E  9999.9   25.4     86    5.0 1005.19999.9  23.0   0.6   4.8 999.9 999.9
            XMD  11  1836.0N 120.4E  9999.9   25.2     96    6.5 1004.69999.9  23.0   0.8   4.5 999.9 999.9
            XMD  11  1936.0N 120.4E  9999.9   24.7    113    4.6 1004.89999.9  23.0   0.8   4.7 999.9 999.9
            XMD  11  2036.0N 120.4E  9999.9   24.5    104    3.5 1004.89999.9  23.0   0.8   4.4 999.9 999.9
            XMD  11  2136.0N 120.4E  9999.9   24.6     59    3.1 1004.59999.9  23.0   0.7   4.7 999.9 999.9
            XMD  11  2236.0N 120.4E  9999.9   24.4     58    3.4 1004.29999.9  23.0   0.6   4.6 999.9 999.9
            XMD  11  2336.0N 120.4E  9999.9   24.0     61    4.2 1004.49999.9  23.0   0.7   4.9 999.9 999.9
            XMD  12  0036.0N 120.4E  9999.9   24.0     74    3.3 1004.59999.9  23.0   0.7   4.9 999.9 999.9
            XMD  12  0136.0N 120.4E  9999.9   24.0     81    2.9 1004.59999.9  23.0   0.8   4.6 999.9 999.9
            XMD  12  0236.0N 120.4E  9999.9   24.0     84    2.6 1004.59999.9  23.0   1.0   4.6 999.9 999.9
            XMD  12  0336.0N 120.4E  9999.9   23.8     70    3.0 1003.99999.9  23.0   0.8   4.7 999.9 999.9
            XMD  12  0436.0N 120.4E  9999.9   24.0     75    3.1 1004.09999.9  23.0   0.7   4.8 999.9 999.9
            XMD  12  0536.0N 120.4E  9999.9   23.7     65    3.8 1003.69999.9  23.0   0.6   4.8 999.9 999.9
            XMD  12  0636.0N 120.4E  9999.9   24.2     73    3.6 1003.49999.9  22.9   0.7   4.9 999.9 999.9
            XMD  12  0736.0N 120.4E  9999.9   24.5     85    4.0 1002.99999.9  22.9   0.9   4.9 999.9 999.9
            XMD  12  0836.0N 120.4E  9999.9   24.3     53    3.0 1003.19999.9  23.0   1.0   4.7 999.9 999.9
            XMD  12  0936.0N 120.4E  9999.9   24.6     76    4.8 1002.79999.9  22.9   1.1   4.6 999.9 999.9
            XMD  12  1036.0N 120.4E  9999.9   24.5     75    3.8 1002.59999.9  23.0   0.9   4.9 999.9 999.9
            XMD  12  1136.0N 120.4E  9999.9   24.2     57    3.8 1002.69999.9  23.0   0.9   4.9 999.9 999.9
            XMD  12  1236.0N 120.4E  9999.9   24.6     65    3.7 1002.39999.9  23.1   0.9   4.7 999.9 999.9
            XMD  12  1336.0N 120.4E  9999.9   25.5     65    3.6 1002.39999.9  23.1   1.0   4.6 999.9 999.9
            XMD  12  1436.0N 120.4E  9999.9   25.8    112    2.6 1002.19999.9  23.3   1.0   4.7 999.9 999.9
            XMD  12  1536.0N 120.4E  9999.9   26.4     60    3.8 1001.69999.9  23.3   1.1   4.7 999.9 999.9
            XMD  12  1636.0N 120.4E  9999.9   26.5    109    4.4 1000.99999.9  23.2   1.0   4.7 999.9 999.9
            XMD  12  1736.0N 120.4E  9999.9   28.3     50    3.8 1000.59999.9  23.2   1.0   4.7 999.9 999.9
            XMD  12  1836.0N 120.4E  9999.9   26.8     56    4.4  999.99999.9  23.1   0.9   4.6 999.9 999.9
            XMD  12  1936.0N 120.4E  9999.9   27.1     52    4.4  999.89999.9  23.2   1.0   4.5 999.9 999.9
            XMD  12  2036.0N 120.4E  9999.9   24.7     74    3.4  999.39999.9  23.1   1.1   4.8 999.9 999.9
            XMD  12  2136.0N 120.4E  9999.9   24.6     97    3.2  999.39999.9  23.1   1.0   4.9 999.9 999.9
            XMD  12  2236.0N 120.4E  9999.9   24.6     45    4.9  999.39999.9  23.1   0.9   4.8 999.9 999.9
            XMD  12  2336.0N 120.4E  9999.9   24.6     57    3.6  999.59999.9  23.1   0.8   5.3 999.9 999.9
            XMD  13  0036.0N 120.4E  9999.9   24.8    147    4.3 1000.39999.9  23.1   0.9   5.2 999.9 999.9
            XMD  13  0136.0N 120.4E  9999.9   24.5    148    7.9 1000.19999.9  23.2   1.0   4.7 999.9 999.9
            XMD  13  0236.0N 120.4E  9999.9   25.5    154    9.2  999.39999.9  23.1   1.2   4.7 999.9 999.9
            XMD  13  0336.0N 120.4E  9999.9   25.1    152    8.4  999.19999.9  23.3   1.2   4.8 999.9 999.9
            XMD  13  0436.0N 120.4E  9999.9   24.9    157    7.4  999.09999.9  23.3   0.9   4.9 999.9 999.9
            XMD  13  0536.0N 120.4E  9999.9   24.1    142    4.8  999.19999.9  23.2   0.7   4.9 999.9 999.9
            XMD  13  0636.0N 120.4E  9999.9   25.7    125    3.6  998.99999.9  23.2   0.6   5.0 999.9 999.9
            XMD  13  0736.0N 120.4E  9999.9   24.7     69    2.7  998.99999.9  23.2   0.9   4.5 999.9 999.9
            XMD  13  0836.0N 120.4E  9999.9   24.9     75    2.2  998.39999.9  23.2   1.0   4.8 999.9 999.9
            XMD  13  0936.0N 120.4E  9999.9   24.9    140    3.5  999.59999.9  23.1   1.2   4.5 999.9 999.9
            XMD  13  1036.0N 120.4E  9999.9   24.2    209    7.2 1000.29999.9  23.1   1.0   4.8 999.9 999.9
            XMD  13  1136.0N 120.4E  9999.9   23.2    225    5.5 1001.29999.9  23.2   0.8   4.7 999.9 999.9
            XMD  13  1236.0N 120.4E  9999.9   23.0    101    0.9 1000.39999.9  23.2   0.7   4.6 999.9 999.9
            XMD  13  1336.0N 120.4E  9999.9   23.5    101    2.9 1000.39999.9  23.2   0.6   4.6 999.9 999.9
            XMD  13  1436.0N 120.4E  9999.9   23.9     70    1.8 1000.99999.9  23.2   0.6   4.5 999.9 999.9
            XMD  13  1536.0N 120.4E  9999.9   24.5     67    2.3 1000.79999.9  23.2   0.6   4.4 999.9 999.9
            XMD  13  1636.0N 120.4E  9999.9   24.8     91    2.8 1000.89999.9  23.2   0.7   4.9 999.9 999.9
            XMD  13  1736.0N 120.4E  9999.9   24.8     54    2.9 1000.19999.9  23.3   0.7   4.8 999.9 999.9
            XMD  13  1836.0N 120.4E  9999.9   24.0     60    4.1  999.99999.9  23.3   0.9   4.7 999.9 999.9
            XMD  13  1936.0N 120.4E  9999.9   23.9     62    4.3  999.59999.9  23.3   1.0   5.0 999.9 999.9
            XMD  13  2036.0N 120.4E  9999.9   24.0    169    3.6  999.49999.9  23.3   0.9   5.0 999.9 999.9
            XMD  13  2136.0N 120.4E  9999.9   24.0    115    4.1  999.59999.9  23.2   0.9   5.1 999.9 999.9
            XMD  13  2236.0N 120.4E  9999.9   23.7     72    3.5  999.19999.9  23.2   0.7   5.4 999.9 999.9
            XMD  13  2336.0N 120.4E  9999.9   24.1    336    1.8 1000.29999.9  23.2   0.6   5.4 999.9 999.9
            XMD  14  0036.0N 120.4E  9999.9   24.5     48    3.2 1000.29999.9  23.2   0.7   5.5 999.9 999.9
            XMD  14  0136.0N 120.4E  9999.9   24.0     83    1.6 1000.39999.9  23.2   0.7   5.3 999.9 999.9
            XMD  14  0236.0N 120.4E  9999.9   23.8     55    2.2 1000.89999.9  23.2   0.8   5.1 999.9 999.9
            XMD  14  0336.0N 120.4E  9999.9   24.0     56    2.0 1000.69999.9  23.2   0.9   4.8 999.9 999.9
            XMD  14  0436.0N 120.4E  9999.9   23.5     66    2.7 1000.69999.9  23.2   0.8   4.7 999.9 999.9
            XMD  14  0536.0N 120.4E  9999.9   23.7     61    2.2 1000.79999.9  23.2   0.6   5.2 999.9 999.9
            XMD  14  0636.0N 120.4E  9999.9   23.5     48    1.8 1001.19999.9  23.2   0.5   5.4 999.9 999.9
            XMD  14  0736.0N 120.4E  9999.9   23.8     46    3.0 1001.59999.9  23.2   0.7   5.5 999.9 999.9
            XMD  14  0836.0N 120.4E  9999.9   23.7     68    1.8 1001.89999.9  23.2   0.7   5.1 999.9 999.9
            XMD  14  0936.0N 120.4E  9999.9   24.1     86    1.3 1001.19999.9  23.2   0.9   5.3 999.9 999.9
            XMD  14  1036.0N 120.4E  9999.9   24.0     62    2.6 1001.99999.9  23.2   0.9   5.4 999.9 999.9
            XMD  14  1136.0N 120.4E  9999.9   25.4     72    2.8 1003.09999.9  23.3   0.9   5.5 999.9 999.9
            XMD  14  1236.0N 120.4E  9999.9   25.3     59    2.3 1003.59999.9  23.4   0.9   5.4 999.9 999.9
            XMD  14  1336.0N 120.4E  9999.9   25.8     86    2.8 1003.49999.9  23.4   1.0   6.2 999.9 999.9
            XMD  14  1436.0N 120.4E  9999.9   25.9     72    2.3 1002.89999.9  23.4   1.0   5.9 999.9 999.9
            XMD  14  1536.0N 120.4E  9999.9   26.4     57    2.9 1003.19999.9  23.5   1.0   5.4 999.9 999.9
            XMD  14  1636.0N 120.4E  9999.9   27.1     68    1.3 1003.59999.9  23.4   1.1   5.3 999.9 999.9
            XMD  14  1736.0N 120.4E  9999.9   25.7     98    4.5 1002.59999.9  23.3   1.0   5.1 999.9 999.9
            XMD  14  1836.0N 120.4E  9999.9   24.0    177    4.5 1002.49999.9  23.3   0.9   5.5 999.9 999.9
            XMD  14  1936.0N 120.4E  9999.9   22.9    217    5.0 1002.69999.9  23.3   0.9   5.5 999.9 999.9
            XMD  14  2036.0N 120.4E  9999.9   22.9    180    2.7 1002.29999.9  23.3   0.9   5.3 999.9 999.9
            XMD  14  2136.0N 120.4E  9999.9   22.5    251    7.1 1004.49999.9  23.3   0.8   5.2 999.9 999.9
            XMD  14  2236.0N 120.4E  9999.9   22.1    203    2.0 1004.29999.9  23.3   0.7   5.2 999.9 999.9
            XMD  14  2336.0N 120.4E  9999.9   22.6    161    1.1 1004.39999.9  23.2   0.6   5.6 999.9 999.9
            XMD  15  0036.0N 120.4E  9999.9   22.3     37    2.5 1004.29999.9  23.2   0.5   6.0 999.9 999.9
            XMD  15  0136.0N 120.4E  9999.9   22.7    181    2.5 1005.19999.9  23.2   0.5   5.9 999.9 999.9
            XMD  15  0236.0N 120.4E  9999.9   22.6     58    2.2 1004.99999.9  23.2   0.6   5.4 999.9 999.9
            XMD  15  0336.0N 120.4E  9999.9   22.4    244    2.0 1005.79999.9  23.2   0.6   4.9 999.9 999.9
            XMD  15  0436.0N 120.4E  9999.9   22.5     78    2.1 1005.09999.9  23.2   0.7   5.3 999.9 999.9
            XMD  15  0536.0N 120.4E  9999.9   22.4     85    2.1 1005.49999.9  23.2   0.6   5.0 999.9 999.9
            XMD  15  0636.0N 120.4E  9999.9   22.7     77    2.2 1006.19999.9  23.2   0.6   5.5 999.9 999.9
            XMD  15  0736.0N 120.4E  9999.9   22.7     77    2.7 1006.59999.9  23.2   0.6   5.8 999.9 999.9
            XMD  15  0836.0N 120.4E  9999.9   22.6     65    4.1 1006.09999.9  23.2   0.7   5.3 999.9 999.9
            XMD  15  0936.0N 120.4E  9999.9   22.9     77    3.5 1006.49999.9  23.2   0.8   5.2 999.9 999.9
            XMD  15  1036.0N 120.4E  9999.9   23.3     85    4.0 1007.29999.9  23.2   1.0   5.2 999.9 999.9
            XMD  15  1136.0N 120.4E  9999.9   23.0     75    4.9 1006.79999.9  23.3   1.1   5.5 999.9 999.9
            XMD  15  1236.0N 120.4E  9999.9   23.3     82    3.8 1007.39999.9  23.3   1.1   6.1 999.9 999.9
            XMD  15  1336.0N 120.4E  9999.9   23.6     57    3.1 1007.29999.9  23.4   1.0   6.2 999.9 999.9
            XMD  15  1436.0N 120.4E  9999.9   23.7    109    1.5 1007.29999.9  23.4   1.0   5.7 999.9 999.9
            XMD  15  1536.0N 120.4E  9999.9   24.8    130    1.7 1007.29999.9  23.4   1.0   5.7 999.9 999.9
            XMD  15  1636.0N 120.4E  9999.9   24.4     69    1.6 1006.69999.9  23.4   1.0   5.6 999.9 999.9
            XMD  15  1736.0N 120.4E  9999.9   23.8     64    3.1 1007.39999.9  23.4   1.0   5.7 999.9 999.9
            XMD  15  1836.0N 120.4E  9999.9   23.8     76    3.7 1007.19999.9  23.4   0.8   5.4 999.9 999.9
            XMD  15  1936.0N 120.4E  9999.9   23.6     86    3.5 1007.09999.9  23.4   0.9   5.8 999.9 999.9
            XMD  15  2036.0N 120.4E  9999.9   23.4     67    2.4 1006.09999.9  23.3   0.8   5.7 999.9 999.9
            XMD  15  2136.0N 120.4E  9999.9   23.4     60    1.8 1005.79999.9  23.4   0.9   5.6 999.9 999.9
            XMD  15  2236.0N 120.4E  9999.9   23.3     64    2.1 1006.39999.9  23.3   1.0   6.0 999.9 999.9
            XMD  15  2336.0N 120.4E  9999.9   23.4     85    3.0 1007.89999.9  23.3   0.8   5.8 999.9 999.9
            XMD  16  0036.0N 120.4E  9999.9   23.3     69    2.6 1008.39999.9  23.3   0.8   5.6 999.9 999.9
            XMD  16  0136.0N 120.4E  9999.9   23.3     93    3.6 1008.49999.9  23.3   0.8   5.8 999.9 999.9
            XMD  16  0236.0N 120.4E  9999.9   23.3     75    2.6 1008.09999.9  23.3   0.9   5.9 999.9 999.9
            XMD  16  0336.0N 120.4E  9999.9   23.4     47    2.8 1007.99999.9  23.3   0.9   5.8 999.9 999.9
            XMD  16  0436.0N 120.4E  9999.9   23.5     76    2.6 1008.49999.9  23.3   0.9   5.1 999.9 999.9
            XMD  16  0536.0N 120.4E  9999.9   23.0    129    1.7 1009.59999.9  23.4   1.0   4.8 999.9 999.9
            XMD  16  0636.0N 120.4E  9999.9   22.8     52    3.6 1008.19999.9  23.3   1.0   5.7 999.9 999.9
            XMD  16  0736.0N 120.4E  9999.9   22.9     88    4.0 1008.19999.9  23.3   0.9   5.6 999.9 999.9
            XMD  16  0836.0N 120.4E  9999.9   23.0     82    4.1 1008.29999.9  23.3   0.8   5.4 999.9 999.9
            XMD  16  0936.0N 120.4E  9999.9   23.2     67    4.9 1008.49999.9  23.3   0.9   5.4 999.9 999.9
            XMD  16  1036.0N 120.4E  9999.9   23.5     60    3.8 1008.39999.9  23.3   1.1   5.4 999.9 999.9
            XMD  16  1136.0N 120.4E  9999.9   22.9     70    2.7 1009.49999.9  23.3   1.3   5.3 999.9 999.9
            XMD  16  1236.0N 120.4E  9999.9   22.7     66    3.3 1009.59999.9  23.4   1.1   5.4 999.9 999.9
            XMD  16  1336.0N 120.4E  9999.9   22.9    146    4.6 1009.29999.9  23.4   0.9   5.3 999.9 999.9
            XMD  16  1436.0N 120.4E  9999.9   23.0    184    3.3 1009.09999.9  23.4   0.9   5.6 999.9 999.9
            XMD  16  1536.0N 120.4E  9999.9   23.5    191    2.9 1008.79999.9  23.6   0.8   5.4 999.9 999.9
            XMD  16  1636.0N 120.4E  9999.9   23.8     67    1.3 1008.49999.9  23.6   0.9   5.1 999.9 999.9
            XMD  16  1736.0N 120.4E  9999.9   24.1    140    3.5 1009.19999.9  23.5   1.0   4.9 999.9 999.9
            XMD  16  1836.0N 120.4E  9999.9   24.3    106    4.2 1008.39999.9  23.5   0.9   4.5 999.9 999.9
            XMD  16  1936.0N 120.4E  9999.9   23.8     93    5.1 1007.99999.9  23.4   0.7   5.2 999.9 999.9
            XMD  16  2036.0N 120.4E  9999.9   23.9     66    2.8 1007.89999.9  23.4   0.7   4.8 999.9 999.9
            XMD  16  2136.0N 120.4E  9999.9   23.7     83    4.5 1007.39999.9  23.4   0.8   4.9 999.9 999.9
            XMD  16  2236.0N 120.4E  9999.9   23.5     86    4.7 1007.89999.9  23.5   0.9   4.5 999.9 999.9
            XMD  16  2336.0N 120.4E  9999.9   23.5     81    5.5 1007.99999.9  23.5   1.0   4.6 999.9 999.9
            XMD  17  0036.0N 120.4E  9999.9   23.7     87    7.2 1007.89999.9  23.5   1.1   5.0 999.9 999.9
            XMD  17  0136.0N 120.4E  9999.9   23.6     85    7.5 1007.99999.9  23.5   1.2   5.1 999.9 999.9
            XMD  17  0236.0N 120.4E  9999.9   23.5     86    5.9 1008.39999.9  23.5   1.0   5.1 999.9 999.9
            XMD  17  0336.0N 120.4E  9999.9   23.3     69    4.2 1007.99999.9  23.5   0.9   5.0 999.9 999.9
            XMD  17  0436.0N 120.4E  9999.9   23.3     98    5.0 1007.59999.9  23.5   1.0   4.8 999.9 999.9
            XMD  17  0536.0N 120.4E  9999.9   23.2    117    4.1 1007.49999.9  23.5   1.0   4.7 999.9 999.9
            XMD  17  0636.0N 120.4E  9999.9   22.6    221    0.2 1007.09999.9  23.5   0.9   4.9 999.9 999.9
            XMD  17  0736.0N 120.4E  9999.9   22.9     60    2.4 1007.09999.9  23.5   0.7   4.7 999.9 999.9
            XMD  17  0836.0N 120.4E  9999.9   22.8     82    3.5 1007.79999.9  23.5   0.7   4.9 999.9 999.9
            XMD  17  0936.0N 120.4E  9999.9   22.5     94    3.8 1008.19999.9  23.5   0.7   5.0 999.9 999.9
            XMD  17  1036.0N 120.4E  9999.9   23.1     78    3.4 1008.59999.9  23.5   0.7   4.8 999.9 999.9
            XMD  17  1136.0N 120.4E  9999.9   23.3    110    3.7 1009.09999.9  23.6   0.7   4.7 999.9 999.9
            XMD  17  1236.0N 120.4E  9999.9   24.3     87    2.9 1008.99999.9  23.6   0.7   4.7 999.9 999.9
            XMD  17  1336.0N 120.4E  9999.9   25.4     74    3.9 1008.69999.9  23.7   0.7   4.8 999.9 999.9
            XMD  17  1436.0N 120.4E  9999.9   25.8     66    4.6 1008.59999.9  23.9   0.6   4.6 999.9 999.9
            XMD  17  1536.0N 120.4E  9999.9   26.0     65    4.8 1008.19999.9  23.9   0.6   4.6 999.9 999.9
            XMD  17  1636.0N 120.4E  9999.9   25.9     65    5.0 1007.89999.9  23.9   0.6   4.5 999.9 999.9
            XMD  17  1736.0N 120.4E  9999.9   25.1     75    4.7 1007.99999.9  24.0   0.8   4.3 999.9 999.9
            XMD  17  1836.0N 120.4E  9999.9   25.3     76    4.4 1007.69999.9  24.0   0.8   4.6 999.9 999.9
            XMD  17  1936.0N 120.4E  9999.9   24.8     78    4.6 1007.29999.9  23.9   0.8   4.5 999.9 999.9
            XMD  17  2036.0N 120.4E  9999.9   24.6     85    4.5 1007.19999.9  23.8   0.7   4.5 999.9 999.9
            XMD  17  2136.0N 120.4E  9999.9   24.3     75    3.4 1007.09999.9  23.8   0.7   4.6 999.9 999.9
            XMD  17  2236.0N 120.4E  9999.9   24.0     71    4.0 1006.99999.9  23.7   0.6   4.3 999.9 999.9
            XMD  17  2336.0N 120.4E  9999.9   23.8     72    3.8 1007.39999.9  23.7   0.6   4.1 999.9 999.9
            XMD  18  0036.0N 120.4E  9999.9   23.7     77    4.3 1007.99999.9  23.7   0.6   4.3 999.9 999.9
            XMD  18  0136.0N 120.4E  9999.9   23.7     78    4.7 1008.39999.9  23.7   0.6   4.4 999.9 999.9
            XMD  18  0236.0N 120.4E  9999.9   23.6     75    3.5 1008.29999.9  23.7   0.5   4.4 999.9 999.9
            XMD  18  0336.0N 120.4E  9999.9   23.7     76    2.7 1008.09999.9  23.7   0.5   4.5 999.9 999.9
            XMD  18  0436.0N 120.4E  9999.9   23.6     81    3.0 1007.89999.9  23.7   0.6   4.7 999.9 999.9
            XMD  18  0536.0N 120.4E  9999.9   23.5     81    2.8 1007.59999.9  23.7   0.7   4.6 999.9 999.9
            XMD  18  0636.0N 120.4E  9999.9   23.4     78    2.9 1007.09999.9  23.7   0.7   4.5 999.9 999.9
            XMD  18  0736.0N 120.4E  9999.9   23.5     79    3.9 1006.99999.9  23.7   0.8   4.6 999.9 999.9
            XMD  18  0836.0N 120.4E  9999.9   23.3     70    3.1 1007.29999.9  23.7   0.6   4.7 999.9 999.9
            XMD  18  0936.0N 120.4E  9999.9   23.4     69    3.1 1007.59999.9  23.8   0.5   4.8 999.9 999.9
            XMD  18  1036.0N 120.4E  9999.9   23.8     75    3.2 1007.79999.9  23.8   0.5   4.5 999.9 999.9
            XMD  18  1136.0N 120.4E  9999.9   24.7     80    2.1 1008.19999.9  23.9   0.5   4.7 999.9 999.9
            XMD  18  1236.0N 120.4E  9999.9   26.4     70    2.4 1008.39999.9  23.9   0.5   4.5 999.9 999.9
            XMD  18  1336.0N 120.4E  9999.9   25.9     80    3.4 1008.59999.9  23.9   0.5   4.5 999.9 999.9
            XMD  18  1436.0N 120.4E  9999.9   26.6     69    2.9 1008.69999.9  24.0   0.5   4.6 999.9 999.9
            XMD  18  1536.0N 120.4E  9999.9   26.8     68    3.0 1008.19999.9  24.2   0.5   4.9 999.9 999.9
            XMD  18  1636.0N 120.4E  9999.9   27.0     72    2.4 1007.89999.9  24.3   0.5   5.1 999.9 999.9
            XMD  18  1736.0N 120.4E  9999.9   26.7     91    2.6 1007.39999.9  24.4   0.5   4.8 999.9 999.9
            XMD  18  1836.0N 120.4E  9999.9   26.4     97    3.2 1007.19999.9  24.4   0.6   4.2 999.9 999.9
            XMD  18  1936.0N 120.4E  9999.9   25.8     92    4.5 1006.89999.9  24.4   0.7   4.5 999.9 999.9
            XMD  18  2036.0N 120.4E  9999.9   25.3     94    3.6 1006.59999.9  24.3   0.7   4.5 999.9 999.9
            XMD  18  2136.0N 120.4E  9999.9   24.8     79    2.9 1006.69999.9  24.2   0.6   4.4 999.9 999.9
            XMD  18  2236.0N 120.4E  9999.9   24.1     81    3.7 1006.99999.9  24.1   0.5   4.6 999.9 999.9
            XMD  18  2336.0N 120.4E  9999.9   23.9     79    3.4 1007.29999.9  24.1   0.5   4.5 999.9 999.9
            XMD  19  0036.0N 120.4E  9999.9   23.9     73    3.0 1007.99999.9  24.1   0.5   4.4 999.9 999.9
            XMD  19  0136.0N 120.4E  9999.9   23.9     76    3.4 1008.29999.9  24.0   0.5   4.5 999.9 999.9
            XMD  19  0236.0N 120.4E  9999.9   23.7     72    2.7 1008.39999.9  24.0   0.5   4.6 999.9 999.9
            XMD  19  0336.0N 120.4E  9999.9   23.7     75    2.3 1008.09999.9  24.0   0.4   4.6 999.9 999.9
            XMD  19  0436.0N 120.4E  9999.9   23.6     62    3.0 1007.59999.9  24.0   0.4   5.0 999.9 999.9
            XMD  19  0536.0N 120.4E  9999.9   23.5     81    2.8 1007.49999.9  24.0   0.5   4.9 999.9 999.9
            XMD  19  0636.0N 120.4E  9999.9   23.3     50    2.2 1007.49999.9  24.0   0.4   4.7 999.9 999.9
            XMD  19  0736.0N 120.4E  9999.9   23.4     70    2.1 1007.59999.9  24.0   0.5   4.6 999.9 999.9
            XMD  19  0836.0N 120.4E  9999.9   23.5     68    1.9 1007.69999.9  24.1   0.5   4.8 999.9 999.9
            XMD  19  0936.0N 120.4E  9999.9   23.5     61    2.0 1007.99999.9  24.1   0.4   4.9 999.9 999.9
            XMD  19  1036.0N 120.4E  9999.9   24.7     68    1.8 1008.29999.9  24.1   0.4   4.8 999.9 999.9
            XMD  19  1136.0N 120.4E  9999.9   25.2     84    2.4 1008.49999.9  24.3   0.4   5.3 999.9 999.9
            XMD  19  1236.0N 120.4E  9999.9   25.9     88    1.3 1008.89999.9  24.3   0.5   5.3 999.9 999.9
            XMD  19  1336.0N 120.4E  9999.9   25.9     85    2.2 1009.09999.9  24.4   0.6   5.5 999.9 999.9
            XMD  19  1436.0N 120.4E  9999.9   26.7    101    1.4 1008.99999.9  24.5   0.6   5.6 999.9 999.9
            XMD  19  1536.0N 120.4E  9999.9   26.5    109    2.1 1008.89999.9  24.6   0.6   6.4 999.9 999.9
            XMD  19  1636.0N 120.4E  9999.9   26.5    119    2.9 1008.69999.9  24.9   0.5   6.4 999.9 999.9
            XMD  19  1736.0N 120.4E  9999.9   26.6    118    2.5 1008.49999.9  25.2   0.6   6.5 999.9 999.9
            XMD  19  1836.0N 120.4E  9999.9   26.3    129    2.5 1008.29999.9  25.1   0.6   6.1 999.9 999.9
            XMD  19  1936.0N 120.4E  9999.9   26.2    123    2.9 1007.89999.9  25.1   0.6   5.7 999.9 999.9
            XMD  19  2036.0N 120.4E  9999.9   25.6    117    3.2 1007.69999.9  24.9   0.6   5.4 999.9 999.9
            XMD  19  2136.0N 120.4E  9999.9   25.5    101    2.2 1007.99999.9  24.8   0.6   5.5 999.9 999.9
            XMD  19  2236.0N 120.4E  9999.9   24.7     94    2.0 1008.49999.9  24.7   0.5   5.3 999.9 999.9
            XMD  19  2336.0N 120.4E  9999.9   24.3     77    2.2 1008.79999.9  24.6   0.5   5.5 999.9 999.9
            XMD  20  0036.0N 120.4E  9999.9   24.3     87    2.4 1009.29999.9  24.5   0.5   5.8 999.9 999.9
            XMD  20  0136.0N 120.4E  9999.9   24.1     88    2.5 1009.39999.9  24.5   0.5   6.0 999.9 999.9
            XMD  20  0236.0N 120.4E  9999.9   24.0     68    2.3 1009.29999.9  24.5   0.5   5.6 999.9 999.9
            XMD  20  0336.0N 120.4E  9999.9   23.8     72    2.6 1009.19999.9  24.4   0.5   5.8 999.9 999.9
            XMD  20  0436.0N 120.4E  9999.9   24.3     76    3.3 1009.29999.9  24.4   0.6   6.9 999.9 999.9
            XMD  20  0536.0N 120.4E  9999.9   24.4     76    2.9 1009.19999.9  24.4   0.5   6.7 999.9 999.9
            XMD  20  0636.0N 120.4E  9999.9   24.5     78    3.0 1009.19999.9  24.4   0.6   6.7 999.9 999.9
            XMD  20  0736.0N 120.4E  9999.9   24.7     88    2.7 1009.29999.9  24.4   0.6   6.3 999.9 999.9
            XMD  20  0836.0N 120.4E  9999.9   24.7     98    2.6 1009.69999.9  24.5   0.7   6.3 999.9 999.9
            XMD  20  0936.0N 120.4E  9999.9   24.7    114    2.4 1010.19999.9  24.5   0.7   6.6 999.9 999.9
            XMD  20  1036.0N 120.4E  9999.9   25.8    111    2.3 1010.39999.9  24.5   0.7   6.2 999.9 999.9
            XMD  20  1136.0N 120.4E  9999.9   25.7     71    2.2 1010.59999.9  24.5   0.7   6.1 999.9 999.9
            XMD  20  1236.0N 120.4E  9999.9   26.0     91    2.5 1010.99999.9  24.5   0.8   6.5 999.9 999.9
            XMD  20  1336.0N 120.4E  9999.9   26.7     91    2.3 1011.19999.9  24.5   0.8   5.7 999.9 999.9
            XMD  20  1436.0N 120.4E  9999.9   26.5     78    1.9 1011.29999.9  24.6   0.9   6.0 999.9 999.9
            XMD  20  1536.0N 120.4E  9999.9   26.9     98    1.9 1011.29999.9  24.6   0.9   6.2 999.9 999.9
            XMD  20  1636.0N 120.4E  9999.9   27.3     88    2.6 1010.89999.9  24.7   0.8   6.5 999.9 999.9
            XMD  20  1736.0N 120.4E  9999.9   27.2     98    2.9 1010.49999.9  24.7   0.8   6.9 999.9 999.9
            XMD  20  1836.0N 120.4E  9999.9   27.2    112    2.9 1010.09999.9  24.7   0.8   7.4 999.9 999.9
            XMD  20  1936.0N 120.4E  9999.9   26.7     85    2.7 1009.69999.9  24.7   0.7   6.5 999.9 999.9
            XMD  20  2036.0N 120.4E  9999.9   25.9     90    3.3 1009.39999.9  24.7   0.8   6.3 999.9 999.9
            XMD  20  2136.0N 120.4E  9999.9   25.6     80    3.6 1009.59999.9  24.8   0.9   5.9 999.9 999.9
            XMD  20  2236.0N 120.4E  9999.9   25.3     81    3.3 1010.09999.9  24.8   0.9   6.2 999.9 999.9
            XMD  20  2336.0N 120.4E  9999.9   24.9     68    2.9 1010.49999.9  24.7   0.7   6.0 999.9 999.9
            XMD  21  0036.0N 120.4E  9999.9   24.8     73    3.1 1010.99999.9  24.7   0.7   6.2 999.9 999.9
            XMD  21  0136.0N 120.4E  9999.9   24.6     71    3.5 1010.89999.9  24.6   0.8   7.0 999.9 999.9
            XMD  21  0236.0N 120.4E  9999.9   24.5     71    3.4 1010.89999.9  24.6   0.8   5.7 999.9 999.9
            XMD  21  0336.0N 120.4E  9999.9   24.7     76    4.3 1010.69999.9  24.6   0.8   6.0 999.9 999.9
            XMD  21  0436.0N 120.4E  9999.9   24.7     78    3.6 1010.89999.9  24.6   0.9   6.5 999.9 999.9
            XMD  21  0536.0N 120.4E  9999.9   24.7     89    4.4 1010.59999.9  24.5   0.9   6.7 999.9 999.9
            XMD  21  0636.0N 120.4E  9999.9   24.6     92    4.3 1010.59999.9  24.5   0.9   7.0 999.9 999.9
            XMD  21  0736.0N 120.4E  9999.9   24.6     89    3.6 1010.59999.9  24.5   0.8   6.9 999.9 999.9
            XMD  21  0836.0N 120.4E  9999.9   24.5     86    3.5 1010.59999.9  24.6   1.0   7.9 999.9 999.9
            XMD  21  0936.0N 120.4E  9999.9   24.5     74    2.2 1010.69999.9  24.7   0.9   6.5 999.9 999.9
            XMD  21  1036.0N 120.4E  9999.9   25.5     86    3.7 1010.69999.9  24.8   1.1   7.7 999.9 999.9
            XMD  21  1136.0N 120.4E  9999.9   26.5     78    3.1 1010.99999.9  24.8   1.0   6.9 999.9 999.9
            XMD  21  1236.0N 120.4E  9999.9   26.3     83    3.3 1011.29999.9  24.8   0.9   8.2 999.9 999.9
            XMD  21  1336.0N 120.4E  9999.9   28.3     71    2.4 1011.19999.9  24.8   0.9   7.8 999.9 999.9
            XMD  21  1436.0N 120.4E  9999.9   28.6     65    3.0 1011.09999.9  25.0   1.0   8.2 999.9 999.9
            XMD  21  1536.0N 120.4E  9999.9   28.1     76    2.4 1010.89999.9  25.0   1.1   7.6 999.9 999.9
            XMD  21  1636.0N 120.4E  9999.9   27.9     84    4.1 1010.09999.9  25.0   1.0   7.5 999.9 999.9
            XMD  21  1736.0N 120.4E  9999.9   27.5     85    5.1 1009.69999.9  24.8   1.0   7.6 999.9 999.9
            XMD  21  1836.0N 120.4E  9999.9   27.5     82    4.8 1009.09999.9  24.9   1.0   8.9 999.9 999.9
            XMD  21  1936.0N 120.4E  9999.9   27.0     82    4.0 1008.69999.9  25.0   1.0   9.0 999.9 999.9
            XMD  21  2036.0N 120.4E  9999.9   26.2     82    4.0 1008.79999.9  25.1   0.9   8.9 999.9 999.9
            XMD  21  2136.0N 120.4E  9999.9   25.6     75    3.1 1008.79999.9  25.1   1.1   9.3 999.9 999.9
            XMD  21  2236.0N 120.4E  9999.9   25.2     71    2.6 1009.19999.9  25.3   1.1   8.1 999.9 999.9
            XMD  21  2336.0N 120.4E  9999.9   25.0     78    3.2 1009.69999.9  25.2   1.1   8.6 999.9 999.9
            XMD  22  0036.0N 120.4E  9999.9   25.0     78    3.7 1010.09999.9  25.2   0.9   7.8 999.9 999.9
            XMD  22  0136.0N 120.4E  9999.9   24.7     79    3.9 1010.09999.9  25.1   0.8   8.3 999.9 999.9
            XMD  22  0236.0N 120.4E  9999.9   24.7     85    4.0 1009.79999.9  25.0   0.9   7.9 999.9 999.9
            XMD  22  0336.0N 120.4E  9999.9   24.7     80    4.3 1009.29999.9  25.0   0.9   8.0 999.9 999.9
            XMD  22  0436.0N 120.4E  9999.9   24.7     86    3.3 1009.49999.9  25.0   1.0   7.9 999.9 999.9
            XMD  22  0536.0N 120.4E  9999.9   24.7     89    3.2 1009.19999.9  24.9   1.1   8.6 999.9 999.9
            XMD  22  0636.0N 120.4E  9999.9   24.6     83    3.4 1008.69999.9  24.9   1.1   9.1 999.9 999.9
            XMD  22  0736.0N 120.4E  9999.9   24.5     81    3.2 1008.59999.9  24.9   1.0   9.4 999.9 999.9
            XMD  22  0836.0N 120.4E  9999.9   24.4     76    2.8 1008.69999.9  24.9   1.1   9.9 999.9 999.9
            XMD  22  0936.0N 120.4E  9999.9   24.5     71    2.4 1008.69999.9  25.0   1.0   8.6 999.9 999.9
            XMD  22  1036.0N 120.4E  9999.9   25.9     70    3.0 1008.59999.9  25.1   1.2   8.9 999.9 999.9
            XMD  22  1136.0N 120.4E  9999.9   26.6     84    4.4 1008.79999.9  25.3   1.1   7.6 999.9 999.9
            XMD  22  1236.0N 120.4E  9999.9   27.1     89    3.7 1008.99999.9  25.1   1.0   7.4 999.9 999.9
            XMD  22  1336.0N 120.4E  9999.9   28.0     91    3.0 1009.09999.9  25.2   1.0   8.4 999.9 999.9
            XMD  22  1436.0N 120.4E  9999.9   27.7     74    2.2 1009.09999.9  25.2   1.0   8.3 999.9 999.9
            XMD  22  1536.0N 120.4E  9999.9   28.2     63    1.5 1008.49999.9  25.3   1.0   7.6 999.9 999.9
            XMD  22  1636.0N 120.4E  9999.9   28.4     74    1.7 1008.19999.9  25.4   1.1   8.0 999.9 999.9
            XMD  22  1736.0N 120.4E  9999.9   27.9    116    3.2 1007.79999.9  25.4   1.3   8.8 999.9 999.9
            XMD  22  1836.0N 120.4E  9999.9   27.5    102    4.0 1007.49999.9  25.3   1.0   8.9 999.9 999.9
            XMD  22  1936.0N 120.4E  9999.9   26.7     93    6.3 1007.09999.9  25.4   1.0   9.1 999.9 999.9
            XMD  22  2036.0N 120.4E  9999.9   26.7     97    5.9 1006.89999.9  25.5   1.1   9.4 999.9 999.9
            XMD  22  2136.0N 120.4E  9999.9   26.2     94    3.8 1007.09999.9  25.6   1.0   8.8 999.9 999.9
            XMD  22  2236.0N 120.4E  9999.9   25.5     85    2.8 1007.29999.9  25.6   1.0   8.8 999.9 999.9
            XMD  22  2336.0N 120.4E  9999.9   25.3     82    2.4 1007.39999.9  25.7   1.1   8.1 999.9 999.9
            XMD  23  0036.0N 120.4E  9999.9   25.1     88    2.5 1007.79999.9  25.6   1.0   8.2 999.9 999.9
            XMD  23  0136.0N 120.4E  9999.9   25.1     95    2.3 1007.79999.9  25.5   0.8   7.7 999.9 999.9
            XMD  23  0236.0N 120.4E  9999.9   24.6     66    1.2 1007.69999.9  25.5   0.9   7.9 999.9 999.9
            XMD  23  0336.0N 120.4E  9999.9   24.9     68    1.3 1007.49999.9  25.4   0.8   7.7 999.9 999.9
            XMD  23  0436.0N 120.4E  9999.9   24.6     53    1.6 1007.29999.9  25.4   0.9   8.5 999.9 999.9
            XMD  23  0536.0N 120.4E  9999.9   24.7     61    1.5 1007.19999.9  25.4   0.9   7.9 999.9 999.9
            XMD  23  0636.0N 120.4E  9999.9   24.7     84    1.8 1006.99999.9  25.3   1.0   8.2 999.9 999.9
            XMD  23  0736.0N 120.4E  9999.9   24.6     58    1.5 1006.99999.9  25.3   1.0   8.5 999.9 999.9
            XMD  23  0836.0N 120.4E  9999.9   24.3     58    1.5 1007.19999.9  25.3   0.9   8.0 999.9 999.9
            XMD  23  0936.0N 120.4E  9999.9   24.4     73    1.9 1007.49999.9  25.3   1.0   8.7 999.9 999.9
            XMD  23  1036.0N 120.4E  9999.9   25.1    100    1.9 1007.79999.9  25.4   1.1   8.7 999.9 999.9
            XMD  23  1136.0N 120.4E  9999.9   26.6     97    1.0 1008.09999.9  25.6   1.2   8.5 999.9 999.9
            XMD  23  1236.0N 120.4E  9999.9   27.2    104    1.6 1008.09999.9  25.8   1.0   7.9 999.9 999.9
            XMD  23  1336.0N 120.4E  9999.9   28.2    108    1.6 1008.29999.9  25.5   1.2   8.0 999.9 999.9
            XMD  23  1436.0N 120.4E  9999.9   27.7    113    1.4 1008.09999.9  25.5   0.9   7.5 999.9 999.9
            XMD  23  1536.0N 120.4E  9999.9   28.5     97    1.5 1007.79999.9  25.5   1.1   8.1 999.9 999.9
            XMD  23  1636.0N 120.4E  9999.9   28.7     94    2.6 1007.49999.9  25.6   1.1   8.1 999.9 999.9
            XMD  23  1736.0N 120.4E  9999.9   28.0    112    2.4 1007.19999.9  25.6   1.2   8.4 999.9 999.9
            XMD  23  1836.0N 120.4E  9999.9   28.6    100    1.5 1006.39999.9  25.5   1.2   8.6 999.9 999.9
            XMD  23  1936.0N 120.4E  9999.9   28.0     97    1.3 1006.19999.9  25.6   1.1   8.3 999.9 999.9
            XMD  23  2036.0N 120.4E  9999.9   27.0    110    2.1 1006.19999.9  25.6   1.0   8.8 999.9 999.9
            XMD  23  2136.0N 120.4E  9999.9   26.4    106    1.9 1006.09999.9  25.6   1.0   8.7 999.9 999.9
            XMD  23  2236.0N 120.4E  9999.9   25.7     88    1.9 1005.99999.9  25.6   0.9   8.4 999.9 999.9
            XMD  23  2336.0N 120.4E  9999.9   25.3     88    1.6 1006.19999.9  25.6   0.9   8.5 999.9 999.9
            XMD  24  0036.0N 120.4E  9999.9   25.2     81    1.5 1006.49999.9  25.7   0.9   8.5 999.9 999.9
            XMD  24  0136.0N 120.4E  9999.9   24.5     55    1.6 1006.69999.9  25.6   1.0   7.2 999.9 999.9
            XMD  24  0236.0N 120.4E  9999.9   24.0     53    1.7 1006.89999.9  25.5   0.9   7.7 999.9 999.9
            XMD  24  0336.0N 120.4E  9999.9   24.0     50    1.7 1006.59999.9  25.5   0.7   7.5 999.9 999.9
            XMD  24  0436.0N 120.4E  9999.9   24.0     53    1.7 1006.29999.9  25.5   0.8   7.3 999.9 999.9
            XMD  24  0536.0N 120.4E  9999.9   24.6     69    2.3 1006.39999.9  25.5   0.8   7.3 999.9 999.9
            XMD  24  0636.0N 120.4E  9999.9   24.0     45    1.7 1006.29999.9  25.4   1.0   7.8 999.9 999.9
            XMD  24  0736.0N 120.4E  9999.9   23.8     40    0.7 1006.29999.9  25.4   1.0   8.4 999.9 999.9
            XMD  24  0836.0N 120.4E  9999.9   23.9     69    1.9 1006.29999.9  25.5   0.9   8.4 999.9 999.9
            XMD  24  0936.0N 120.4E  9999.9   24.7     59    2.5 1006.39999.9  25.5   0.8   8.1 999.9 999.9
            XMD  24  1036.0N 120.4E  9999.9   26.7     63    2.5 1006.39999.9  25.6   0.8   8.2 999.9 999.9
            XMD  24  1136.0N 120.4E  9999.9   26.5     66    2.1 1006.59999.9  25.7   0.9   8.3 999.9 999.9
            XMD  24  1236.0N 120.4E  9999.9   28.5     66    1.7 1006.49999.9  25.9   1.0   8.3 999.9 999.9
            XMD  24  1336.0N 120.4E  9999.9   28.8     92    2.8 1006.89999.9  25.9   1.1   8.2 999.9 999.9
            XMD  24  1436.0N 120.4E  9999.9   28.9     99    3.2 1006.79999.9  25.8   1.1   8.2 999.9 999.9
            XMD  24  1536.0N 120.4E  9999.9   28.9     88    3.0 1006.49999.9  26.0   0.9   8.1 999.9 999.9
            XMD  24  1636.0N 120.4E  9999.9   28.7     87    3.6 1006.29999.9  25.9   1.1   8.7 999.9 999.9
            XMD  24  1736.0N 120.4E  9999.9   28.8     87    3.4 1005.79999.9  26.0   1.1   8.2 999.9 999.9
            XMD  24  1836.0N 120.4E  9999.9   28.0     85    3.0 1005.29999.9  25.9   1.3  10.0 999.9 999.9
            XMD  24  1936.0N 120.4E  9999.9   28.5     96    2.8 1004.99999.9  25.9   1.2   9.4 999.9 999.9
            XMD  24  2036.0N 120.4E  9999.9   27.8     96    3.4 1004.69999.9  25.8   1.1   9.6 999.9 999.9
            XMD  24  2136.0N 120.4E  9999.9   27.1     92    3.1 1004.69999.9  25.7   1.0   9.6 999.9 999.9
            XMD  24  2236.0N 120.4E  9999.9   26.1     86    2.3 1004.69999.9  25.7   1.0   9.0 999.9 999.9
            XMD  24  2336.0N 120.4E  9999.9   25.5     47    1.6 1004.69999.9  25.8   0.9   9.0 999.9 999.9
            XMD  25  0036.0N 120.4E  9999.9   24.8     46    2.0 1004.99999.9  25.8   1.0   8.6 999.9 999.9
            XMD  25  0136.0N 120.4E  9999.9   24.8     53    1.7 1004.89999.9  25.9   1.3   8.8 999.9 999.9
            XMD  25  0236.0N 120.4E  9999.9   25.6     72    2.8 1004.39999.9  25.8   1.4   8.7 999.9 999.9
            XMD  25  0336.0N 120.4E  9999.9   25.7     91    3.8 1003.89999.9  25.7   1.1   8.8 999.9 999.9
            XMD  25  0436.0N 120.4E  9999.9   25.6     77    3.5 1003.99999.9  25.7   1.1   9.0 999.9 999.9
            XMD  25  0536.0N 120.4E  9999.9   25.5     68    3.4 1004.19999.9  25.8   1.1   8.0 999.9 999.9
            XMD  25  0636.0N 120.4E  9999.9   25.4     89    2.6 1003.89999.9  25.8   1.2   8.9 999.9 999.9
            XMD  25  0736.0N 120.4E  9999.9   25.1     43    1.8 1003.69999.9  25.7   1.2   9.5 999.9 999.9
            XMD  25  0836.0N 120.4E  9999.9   24.6     33    2.4 1003.99999.9  25.7   1.4  10.8 999.9 999.9
            XMD  25  0936.0N 120.4E  9999.9   24.5      7    1.7 1003.99999.9  25.8   1.2  10.4 999.9 999.9
            XMD  25  1036.0N 120.4E  9999.9   26.7     37    1.0 1004.19999.9  25.8   1.3  11.4 999.9 999.9
            XMD  25  1136.0N 120.4E  9999.9   28.4     50    1.0 1004.39999.9  25.7   1.2  10.5 999.9 999.9
            XMD  25  1236.0N 120.4E  9999.9   29.0     58    1.6 1004.29999.9  25.9   1.5  11.3 999.9 999.9
            XMD  25  1336.0N 120.4E  9999.9   28.1     90    2.8 1003.99999.9  26.0   1.6  11.0 999.9 999.9
            XMD  25  1436.0N 120.4E  9999.9   27.6     87    4.1 1003.59999.9  25.9   1.5   9.0 999.9 999.9
            XMD  25  1536.0N 120.4E  9999.9   27.3     87    4.3 1003.29999.9  26.0   1.3   8.7 999.9 999.9
            XMD  25  1636.0N 120.4E  9999.9   29.1     77    3.4 1002.89999.9  26.1   1.2   8.7 999.9 999.9
            XMD  25  1736.0N 120.4E  9999.9   28.3     81    4.4 1002.59999.9  26.1   1.6   9.1 999.9 999.9
            XMD  25  1836.0N 120.4E  9999.9   29.1     74    2.7 1002.39999.9  26.1   1.7  10.4 999.9 999.9
            XMD  25  1936.0N 120.4E  9999.9   28.7     77    4.1 1001.99999.9  26.0   1.8  11.1 999.9 999.9
            XMD  25  2036.0N 120.4E  9999.9   28.0     73    4.1 1001.59999.9  26.0   1.5  10.2 999.9 999.9
            XMD  25  2136.0N 120.4E  9999.9   27.3     79    5.0 1001.59999.9  26.0   1.4  10.4 999.9 999.9
            XMD  25  2236.0N 120.4E  9999.9   26.6     58    3.5 1001.69999.9  26.0   1.7  11.8 999.9 999.9
            XMD  25  2336.0N 120.4E  9999.9   26.5     74    3.8 1001.99999.9  26.0   1.5  10.1 999.9 999.9
            XMD  26  0036.0N 120.4E  9999.9   26.5     86    3.8 1002.19999.9  26.0   1.5   9.8 999.9 999.9
            XMD  26  0136.0N 120.4E  9999.9   26.2     81    3.1 1002.09999.9  26.1   1.8   9.8 999.9 999.9
            XMD  26  0236.0N 120.4E  9999.9   26.1     80    3.2 1001.89999.9  26.1   1.7   8.6 999.9 999.9
            XMD  26  0336.0N 120.4E  9999.9   25.7     51    2.4 1001.49999.9  26.0   1.6   7.8 999.9 999.9
            XMD  26  0436.0N 120.4E  9999.9   25.6     61    3.2 1000.99999.9  26.0   1.4   8.5 999.9 999.9
            XMD  26  0536.0N 120.4E  9999.9   25.9     67    4.2 1000.69999.9  26.0   1.2   8.1 999.9 999.9
            XMD  26  0636.0N 120.4E  9999.9   25.9     75    3.7 1000.39999.9  26.0   1.2   8.0 999.9 999.9
            XMD  26  0736.0N 120.4E  9999.9   25.7     65    4.2 1000.19999.9  26.0   1.4   7.4 999.9 999.9
            XMD  26  0836.0N 120.4E  9999.9   25.9     61    4.6 1000.19999.9  26.0   1.4   7.8 999.9 999.9
            XMD  26  0936.0N 120.4E  9999.9   26.1     63    4.9 1000.19999.9  26.0   1.5   8.3 999.9 999.9
            XMD  26  1036.0N 120.4E  9999.9   26.7     62    4.9 1000.29999.9  26.0   1.5   7.9 999.9 999.9
            XMD  26  1136.0N 120.4E  9999.9   26.8     61    6.7  999.99999.9  26.0   1.6   7.5 999.9 999.9
            XMD  26  1236.0N 120.4E  9999.9   27.3     65    7.2 1000.09999.9  26.0   1.6   7.4 999.9 999.9
            XMD  26  1336.0N 120.4E  9999.9   27.4     68    7.1 1000.29999.9  26.1   1.9   8.0 999.9 999.9
            XMD  26  1436.0N 120.4E  9999.9   25.9     84    7.0 1000.59999.9  26.1   2.1   7.7 999.9 999.9
            XMD  26  1536.0N 120.4E  9999.9   26.3     62    6.1 1000.09999.9  26.0   2.1   7.2 999.9 999.9
            XMD  26  1636.0N 120.4E  9999.9   27.4     72    5.2  999.79999.9  26.1   1.8   8.1 999.9 999.9
            XMD  26  1736.0N 120.4E  9999.9   26.5     70    4.4  999.49999.9  26.1   1.7   7.5 999.9 999.9
            XMD  26  1836.0N 120.4E  9999.9   26.5     66    5.1  999.29999.9  26.1   1.9   7.6 999.9 999.9
            XMD  26  1936.0N 120.4E  9999.9   26.7     76    5.3  999.19999.9  26.1   1.8   7.8 999.9 999.9
            XMD  26  2036.0N 120.4E  9999.9   26.5     76    5.5  999.19999.9  26.1   1.6   7.5 999.9 999.9
            XMD  26  2136.0N 120.4E  9999.9   26.3     76    5.4  999.39999.9  26.1   1.6   8.0 999.9 999.9
            XMD  26  2236.0N 120.4E  9999.9   26.2     83    5.9  999.49999.9  26.1   1.7   7.4 999.9 999.9
            XMD  26  2336.0N 120.4E  9999.9   25.2     80    5.2  999.89999.9  26.1   1.5   7.6 999.9 999.9
            XMD  27  0036.0N 120.4E  9999.9   25.6     80    5.7 1000.19999.9  26.1   1.4   7.3 999.9 999.9
            XMD  27  0136.0N 120.4E  9999.9   25.8     79    4.9 1000.49999.9  26.0   1.5   7.3 999.9 999.9
            XMD  27  0236.0N 120.4E  9999.9   25.9     83    4.4 1000.29999.9  26.1   1.7   7.0 999.9 999.9
            XMD  27  0336.0N 120.4E  9999.9   25.9     81    4.1  999.79999.9  26.0   1.7   7.0 999.9 999.9
            XMD  27  0436.0N 120.4E  9999.9   25.9     76    4.2  999.39999.9  26.0   1.8   7.0 999.9 999.9
            XMD  27  0536.0N 120.4E  9999.9   25.9     74    3.9  999.19999.9  26.0   1.5   7.3 999.9 999.9
            XMD  27  0636.0N 120.4E  9999.9   25.7     73    3.9  999.09999.9  26.0   1.3   7.2 999.9 999.9
            XMD  27  0736.0N 120.4E  9999.9   25.8     67    5.1  999.19999.9  26.0   1.5   6.9 999.9 999.9
            XMD  27  0836.0N 120.4E  9999.9   25.7     66    5.5  999.39999.9  26.0   1.6   7.0 999.9 999.9
            XMD  27  0936.0N 120.4E  9999.9   25.7     67    5.5  999.49999.9  26.0   1.7   6.9 999.9 999.9
            XMD  27  1036.0N 120.4E  9999.9   26.1     73    5.2  999.89999.9  26.1   1.7   6.9 999.9 999.9
            XMD  27  1136.0N 120.4E  9999.9   26.3     70    5.3 1000.09999.9  26.2   1.5   7.0 999.9 999.9
            XMD  27  1236.0N 120.4E  9999.9   26.8     79    5.6 1000.19999.9  26.3   1.4   7.2 999.9 999.9
            XMD  27  1336.0N 120.4E  9999.9   28.0     71    4.8 1000.09999.9  26.4   1.7   7.0 999.9 999.9
            XMD  27  1436.0N 120.4E  9999.9   28.0     71    5.5  999.89999.9  26.5   1.7   6.7 999.9 999.9
            XMD  27  1536.0N 120.4E  9999.9   28.0     71    5.6  999.89999.9  26.6   1.8   6.4 999.9 999.9
            XMD  27  1636.0N 120.4E  9999.9   28.1     77    5.8  999.39999.9  26.4   1.8   6.3 999.9 999.9
            XMD  27  1736.0N 120.4E  9999.9   27.8     66    5.6  999.29999.9  26.5   1.6   6.8 999.9 999.9
            XMD  27  1836.0N 120.4E  9999.9   27.7     72    5.4  999.29999.9  26.5   1.6   6.8 999.9 999.9
            XMD  27  1936.0N 120.4E  9999.9   26.9     70    5.3  999.19999.9  26.5   1.5   6.4 999.9 999.9
            XMD  27  2036.0N 120.4E  9999.9   26.6     65    5.7  999.29999.9  26.4   1.5   6.7 999.9 999.9
            XMD  27  2136.0N 120.4E  9999.9   26.4     66    5.5  999.39999.9  26.4   1.4   6.8 999.9 999.9
            XMD  27  2236.0N 120.4E  9999.9   26.1     64    6.6  999.59999.9  26.4   1.3   6.8 999.9 999.9
            XMD  27  2336.0N 120.4E  9999.9   26.0     67    5.9  999.59999.9  26.3   1.2   6.2 999.9 999.9
            XMD  28  0036.0N 120.4E  9999.9   26.1     67    6.5  999.69999.9  26.3   1.4   6.8 999.9 999.9
            XMD  28  0136.0N 120.4E  9999.9   26.2     70    5.7  999.69999.9  26.3   1.4   6.5 999.9 999.9
            XMD  28  0236.0N 120.4E  9999.9   26.1     76    5.7  999.79999.9  26.3   1.5   6.4 999.9 999.9
            XMD  28  0336.0N 120.4E  9999.9   25.9     78    4.7  999.79999.9  26.3   1.6   6.4 999.9 999.9
            XMD  28  0436.0N 120.4E  9999.9   25.9     71    5.1  999.79999.9  26.3   1.6   5.9 999.9 999.9
            XMD  28  0536.0N 120.4E  9999.9   25.8     73    5.3  999.49999.9  26.3   1.3   6.2 999.9 999.9
            XMD  28  0636.0N 120.4E  9999.9   25.9     72    5.0  999.49999.9  26.3   1.1   6.1 999.9 999.9
            XMD  28  0736.0N 120.4E  9999.9   25.8     73    5.8  999.49999.9  26.3   1.2   6.2 999.9 999.9
            XMD  28  0836.0N 120.4E  9999.9   25.8     75    5.8  999.79999.9  26.3   1.2   5.9 999.9 999.9
            XMD  28  0936.0N 120.4E  9999.9   25.9     76    5.8  999.89999.9  26.3   1.3   5.7 999.9 999.9
            XMD  28  1036.0N 120.4E  9999.9   25.9     73    5.6  999.69999.9  26.3   1.3   5.8 999.9 999.9
            XMD  28  1136.0N 120.4E  9999.9   26.0     75    5.8  999.79999.9  26.4   1.3   5.6 999.9 999.9
            XMD  28  1236.0N 120.4E  9999.9   26.8     75    6.3  999.79999.9  26.4   1.2   5.6 999.9 999.9
            XMD  28  1336.0N 120.4E  9999.9   26.8     84    6.3  999.89999.9  26.5   1.3   5.9 999.9 999.9
            XMD  28  1436.0N 120.4E  9999.9   27.2     79    6.4  999.69999.9  26.5   1.6   5.9 999.9 999.9
            XMD  28  1536.0N 120.4E  9999.9   26.8     79    5.4  999.39999.9  26.5   1.5   5.8 999.9 999.9
            XMD  28  1636.0N 120.4E  9999.9   26.7     84    6.9  998.89999.9  26.5   1.6   5.7 999.9 999.9
            XMD  28  1736.0N 120.4E  9999.9   26.6     84    6.3  998.39999.9  26.5   1.4   5.5 999.9 999.9
            XMD  28  1836.0N 120.4E  9999.9   26.6     79    6.2  998.19999.9  26.5   1.4   5.8 999.9 999.9
            XMD  28  1936.0N 120.4E  9999.9   26.4     83    6.9  997.99999.9  26.5   1.4   6.1 999.9 999.9
            XMD  28  2036.0N 120.4E  9999.9   26.2     80    6.8  997.69999.9  26.5   1.5   5.9 999.9 999.9
            XMD  28  2136.0N 120.4E  9999.9   26.0     83    7.5  997.59999.9  26.5   1.5   5.9 999.9 999.9
            XMD  28  2236.0N 120.4E  9999.9   25.9     85    7.7  997.89999.9  26.5   1.6   5.9 999.9 999.9
            XMD  28  2336.0N 120.4E  9999.9   25.9     80    7.3  997.99999.9  26.4   1.5   5.9 999.9 999.9
            XMD  29  0036.0N 120.4E  9999.9   25.9     84    7.7  998.39999.9  26.4   1.8   6.0 999.9 999.9
            XMD  29  0136.0N 120.4E  9999.9   26.0     91    8.8  998.29999.9  26.4   1.9   6.2 999.9 999.9
            XMD  29  0236.0N 120.4E  9999.9   25.7     90    8.4  997.99999.9  26.4   1.7   6.3 999.9 999.9
            XMD  29  0336.0N 120.4E  9999.9   25.9     88    8.2  997.89999.9  26.4   1.9   5.8 999.9 999.9
            XMD  29  0436.0N 120.4E  9999.9   25.8     88    8.2  997.39999.9  26.4   1.9   5.7 999.9 999.9
            XMD  29  0536.0N 120.4E  9999.9   25.7     88    8.6  996.79999.9  26.3   2.3   6.0 999.9 999.9
            XMD  29  0636.0N 120.4E  9999.9   25.8     88    9.1  996.09999.9  26.4   1.9   6.6 999.9 999.9
            XMD  29  0736.0N 120.4E  9999.9   25.8     92   10.2  995.59999.9  26.3   1.9   6.6 999.9 999.9
            XMD  29  0836.0N 120.4E  9999.9   25.7     96   10.9  995.59999.9  26.3   2.0   6.2 999.9 999.9
            XMD  29  0936.0N 120.4E  9999.9   25.4    103    9.7  995.29999.9  26.3   2.3   6.8 999.9 999.9
            XMD  29  1036.0N 120.4E  9999.9   25.4    101    9.6  994.99999.9  26.3   2.8   6.8 999.9 999.9
            XMD  29  1136.0N 120.4E  9999.9   25.1    104    9.2  994.49999.9  26.3   2.9   7.0 999.9 999.9
            XMD  29  1236.0N 120.4E  9999.9   24.8    113   10.8  994.19999.9  26.3   2.8   7.2 999.9 999.9
            XMD  29  1336.0N 120.4E  9999.9   24.8    119    9.6  994.09999.9  26.3   2.5   6.9 999.9 999.9
            XMD  29  1436.0N 120.4E  9999.9   24.8    133   10.4  993.79999.9  26.3   2.2   7.0 999.9 999.9
            XMD  29  1536.0N 120.4E  9999.9   24.8    135   11.8  993.49999.9  26.3   2.0   6.4 999.9 999.9
            XMD  29  1636.0N 120.4E  9999.9   23.8    166    6.0  993.79999.9  26.3   2.1   6.6 999.9 999.9
            XMD  29  1736.0N 120.4E  9999.9   23.9    137    7.1  993.49999.9  26.3   2.2   6.3 999.9 999.9
            XMD  29  1836.0N 120.4E  9999.9   24.6    135    7.3  992.99999.9  26.3   1.8   6.3 999.9 999.9
            XMD  29  1936.0N 120.4E  9999.9   25.1    146    8.9  992.79999.9  26.3   1.5   6.6 999.9 999.9
            XMD  29  2036.0N 120.4E  9999.9   25.0    161    5.1  992.79999.9  26.3   1.7   6.6 999.9 999.9
            XMD  29  2136.0N 120.4E  9999.9   24.9    143    8.1  992.69999.9  26.3   1.5   6.4 999.9 999.9
            XMD  29  2236.0N 120.4E  9999.9   25.1    155    7.7  992.89999.9  26.3   1.6   6.2 999.9 999.9
            XMD  29  2336.0N 120.4E  9999.9   25.0    175    5.0  993.29999.9  26.3   1.5   5.5 999.9 999.9
            XMD  30  0036.0N 120.4E  9999.9   24.6    165    5.7  993.59999.9  26.2   1.4   6.1 999.9 999.9
            XMD  30  0136.0N 120.4E  9999.9   24.5    188    6.8  993.49999.9  26.2   1.3   6.0 999.9 999.9
            XMD  30  0236.0N 120.4E  9999.9   24.6    182    6.5  993.29999.9  26.2   1.4   6.4 999.9 999.9
            XMD  30  0336.0N 120.4E  9999.9   24.2    176    4.9  993.09999.9  26.1   1.3   5.7 999.9 999.9
            XMD  30  0436.0N 120.4E  9999.9   24.4    185    6.6  993.09999.9  26.1   1.3   5.3 999.9 999.9
            XMD  30  0536.0N 120.4E  9999.9   23.6    188    6.5  992.79999.9  26.1   1.3   5.3 999.9 999.9
            XMD  30  0636.0N 120.4E  9999.9   23.5    195    6.3  992.69999.9  26.1   1.3   5.4 999.9 999.9
            XMD  30  0736.0N 120.4E  9999.9   23.2    194    6.0  992.49999.9  26.1   1.1   5.7 999.9 999.9
            XMD  30  0836.0N 120.4E  9999.9   22.9    198    6.8  992.49999.9  26.1   1.1   5.3 999.9 999.9
            XMD  30  0936.0N 120.4E  9999.9   23.4    216    5.8  992.59999.9  26.1   1.2   5.7 999.9 999.9
            XMD  30  1036.0N 120.4E  9999.9   23.3    230    6.7  992.79999.9  26.2   1.3   5.7 999.9 999.9
            XMD  30  1136.0N 120.4E  9999.9   23.5    233    6.0  993.09999.9  26.2   1.1   5.3 999.9 999.9
            XMD  30  1236.0N 120.4E  9999.9   24.1    230    6.2  992.99999.9  26.2   1.2   5.5 999.9 999.9
            XMD  30  1336.0N 120.4E  9999.9   24.2    227    5.2  993.09999.9  26.1   1.2   5.6 999.9 999.9
            XMD  30  1436.0N 120.4E  9999.9   24.9    226    4.1  992.99999.9  26.1   1.0   5.1 999.9 999.9
            XMD  30  1536.0N 120.4E  9999.9   24.8    237    3.6  992.99999.9  26.2   0.9   5.2 999.9 999.9
            XMD  30  1636.0N 120.4E  9999.9   25.1    223    4.9  992.99999.9  26.2   0.8   5.3 999.9 999.9
            XMD  30  1736.0N 120.4E  9999.9   25.3    216    4.7  992.99999.9  26.2   0.8   5.2 999.9 999.9
            XMD  30  1836.0N 120.4E  9999.9   26.5    231    3.9  993.09999.9  26.2   0.8   5.1 999.9 999.9
            XMD  30  1936.0N 120.4E  9999.9   25.8    203    4.6  993.29999.9  26.2   0.7   5.1 999.9 999.9
            XMD  30  2036.0N 120.4E  9999.9   26.1    202    1.9  993.19999.9  26.2   0.7   5.0 999.9 999.9
            XMD  30  2136.0N 120.4E  9999.9   26.1    233    0.8  993.39999.9  26.2   0.7   5.0 999.9 999.9
            XMD  30  2236.0N 120.4E  9999.9   25.8    219    1.2  993.69999.9  26.2   0.6   5.1 999.9 999.9
            XMD  30  2336.0N 120.4E  9999.9   25.2    230    1.7  994.29999.9  26.2   0.7   4.9 999.9 999.9
            XMD  31  0036.0N 120.4E  9999.9   25.3    183    0.2  995.09999.9  26.2   0.7   4.0 999.9 999.9
            XMD  31  0136.0N 120.4E  9999.9   25.1    238    2.7  995.09999.9  26.2   0.6   4.3 999.9 999.9
            XMD  31  0236.0N 120.4E  9999.9   25.6    219    4.8  994.99999.9  26.2   0.6   4.7 999.9 999.9
            XMD  31  0336.0N 120.4E  9999.9   25.3    234    5.1  995.19999.9  26.1   0.6   4.5 999.9 999.9
            XMD  31  0436.0N 120.4E  9999.9   25.4    227    4.3  995.09999.9  26.1   0.5   4.5 999.9 999.9
            XMD  31  0536.0N 120.4E  9999.9   25.3    206    4.8  995.09999.9  26.1   0.5   4.4 999.9 999.9
            XMD  31  0636.0N 120.4E  9999.9   24.9    247    3.4  995.19999.9  26.1   0.5   4.7 999.9 999.9
            XMD  31  0736.0N 120.4E  9999.9   24.8    246    3.0  995.39999.9  26.1   0.5   4.8 999.9 999.9
            XMD  31  0836.0N 120.4E  9999.9   24.7    249    2.9  995.59999.9  26.1   0.4   4.7 999.9 999.9
            XMD  31  0936.0N 120.4E  9999.9   24.4    347    0.8  996.29999.9  26.1   0.4   4.7 999.9 999.9
            XMD  31  1036.0N 120.4E  9999.9   26.7     20    0.3  996.79999.9  26.2   0.4   5.0 999.9 999.9
            XMD  31  1136.0N 120.4E  9999.9   27.6    256    2.1  997.09999.9  26.2   0.4   4.7 999.9 999.9
            XMD  31  1236.0N 120.4E  9999.9   28.7    173    2.0  997.19999.9  26.3   0.4   5.0 999.9 999.9
            XMD  31  1336.0N 120.4E  9999.9   28.3    222    1.9  997.19999.9  26.5   0.3   4.7 999.9 999.9
            XMD  31  1436.0N 120.4E  9999.9   29.3    181    2.4  997.09999.9  26.7   0.3   4.5 999.9 999.9
            XMD  31  1536.0N 120.4E  9999.9   29.6    175    1.4  996.69999.9  27.0   0.3   4.7 999.9 999.9
            XMD  31  1636.0N 120.4E  9999.9   30.0    178    2.2  996.39999.9  27.3   0.4   4.8 999.9 999.9
            XMD  31  1736.0N 120.4E  9999.9   30.0    174    2.7  996.29999.9  27.2   0.4   5.2 999.9 999.9
            XMD  31  1836.0N 120.4E  9999.9   30.1    175    2.7  996.09999.9  27.0   0.4   4.8 999.9 999.9
            XMD  31  1936.0N 120.4E  9999.9   28.9    157    2.1  995.59999.9  27.0   0.4   5.1 999.9 999.9
            XMD  31  2036.0N 120.4E  9999.9   27.8    133    1.6  995.49999.9  26.8   0.4   5.5 999.9 999.9
            XMD  31  2136.0N 120.4E  9999.9   27.2    114    1.6  995.59999.9  26.7   0.4   5.4 999.9 999.9
            XMD  31  2236.0N 120.4E  9999.9   26.6     97    2.1  995.89999.9  26.6   0.3   6.3 999.9 999.9
            XMD  31  2336.0N 120.4E  9999.9   26.3     76    1.9  996.39999.9  26.6   0.3   4.9 999.9 999.9
