21679 2020  1 15 02 N 28710 E126456 10262 212  13  7
21679 2020  1 15 03 N 28717 E126464 10253 215  14  7
21679 2020  1 15 04 N 28722 E126477 10241 216  13  7
21679 2020  1 15 05 N 28726 E126490 10232 216  14  7
21679 2020  1 15 06 N 28730 E126508 10228 217  16  7
21679 2020  1 15 07 N 28731 E126529 10230 217  15  7
21679 2020  1 15 09 N 28729 E126571 10236 218  14  6
21679 2020  1 15 12 N 28707 E126600 10237 217  11  7
21679 2020  1 15 15 N 28713 E126581 10229 217  10  7
21679 2020  1 15 18 N 28732 E126591 10216 217  13  6
21679 2020  1 15 21 N 28733 E126618 10208 217  14  7
21679 2020  1 16 00 N 28742 E126606 10208 217  15  7
21679 2020  1 16 03 N 28785 E126566 10204 217  16  6
21679 2020  1 16 06 N 28839 E126545 10171 213  22  6
21679 2020  1 16 07 N 28847 E126540 10166 208  21  7
21679 2020  1 16 08 N 28842 E126534 10170 203  19  7
21679 2020  1 16 09 N 28832 E126532 10171 203  23  7
21679 2020  1 16 10 N 28817 E126528 10181 206  24  7
21679 2020  1 16 11 N 28807 E126519 10181 206  22  7
21679 2020  1 16 12 N 28800 E126505 10181 206  22  7
21679 2020  1 16 13 N 28792 E126489 10182 207  21  7
21679 2020  1 16 14 N 28791 E126474 10180 209  23  7
21679 2020  1 16 15 N 28789 E126462 10178 211  21  6
21679 2020  1 16 16 N 28787 E126454 10176 212  21  7
21679 2020  1 16 17 N 28783 E126448 10172 212  18  7
21679 2020  1 16 18 N 28776 E126445 10173 212  19  7
21679 2020  1 16 21 N 28753 E126439 10169 215  20  6
21679 2020  1 16 22 N 28745 E126439 10173 216  20  7
21679 2020  1 16 23 N 28733 E126438 10180 217  19  6
21679 2020  1 17 00 N 28717 E126433 10188 216  21  7
21679 2020  1 17 01 N 28705 E126421 10193 216  23  7
21679 2020  1 17 02 N 28695 E126405 10197 216  22  6
21679 2020  1 17 03 N 28688 E126390 10194 217  25  7
21679 2020  1 17 04 N 28683 E126378 10186 217  26  7
21679 2020  1 17 05 N 28676 E126370 10183 217  27  7
21679 2020  1 17 06 N 28667 E126367 10183 217  26  7
21679 2020  1 17 07 N 28654 E126369 10188 217  28  7
21679 2020  1 17 08 N 28638 E126372 10190 216  27  7
21679 2020  1 17 09 N 28620 E126378 10200 216  28  7
21679 2020  1 17 10 N 28600 E126383 10206 213  25  8
21679 2020  1 17 11 N 28580 E126387 10211 213  24  7
21679 2020  1 17 12 N 28561 E126387 10207 215  24  8
21679 2020  1 17 13 N 28543 E126382 10208 216  25  7
21679 2020  1 17 14 N 28528 E126371 10207 217  26  7
21679 2020  1 17 15 N 28517 E126359 10207 216  25  7
21679 2020  1 17 16 N 28511 E126347 10206 216  29  7
21679 2020  1 17 17 N 28508 E126336 10206 215  24  7
21679 2020  1 17 18 N 28507 E126328 10204 215  24  8
21679 2020  1 17 19 N 28507 E126324 10202 215  27  7
21679 2020  1 17 20 N 28506 E126325 10201 215  29  7
21679 2020  1 17 21 N 28504 E126329 10206 214  26  7
21679 2020  1 17 22 N 28500 E126337 10210 214  25  7
21679 2020  1 17 23 N 28494 E126348 10214 213  28  7
21679 2020  1 18 00 N 28485 E126356 10220 212  26  7
21679 2020  1 18 01 N 28476 E126361 10226 211  23  7
21679 2020  1 18 02 N 28468 E126365 10222 210  24  7
21679 2020  1 18 03 N 28462 E126367 10216 210  21  7
21679 2020  1 18 04 N 28455 E126366 10206 209  25  7
21679 2020  1 18 05 N 28448 E126364 10201 209  24  7
21679 2020  1 18 06 N 28442 E126367 10201 208  25  7
21679 2020  1 18 07 N 28434 E126372 10201 207  24  7
21679 2020  1 18 08 N 28425 E126381 10206 207  22  8
21679 2020  1 18 09 N 28413 E126392 10210 207  22  7
21679 2020  1 18 10 N 28398 E126403 10216 206  24  8
21679 2020  1 18 11 N 28381 E126410 10220 206  21  8
21679 2020  1 18 12 N 28365 E126412 10223 206  21  8
21679 2020  1 18 13 N 28352 E126410 10220 205  20  7
21679 2020  1 18 14 N 28341 E126402 10216 204  19  8
21679 2020  1 18 15 N 28336 E126393 10218 204  20  7
21679 2020  1 18 16 N 28335 E126384 10214 203  19  8
21679 2020  1 18 17 N 28336 E126376 10210 203  19  8
21679 2020  1 18 18 N 28341 E126368 10207 204  20  7
21679 2020  1 18 19 N 28350 E126364 10206 206  19  7
21679 2020  1 18 20 N 28359 E126368 10208 207  15  7
21679 2020  1 18 21 N 28365 E126381 10209 205  17  7
21679 2020  1 19 00 N 28371 E126438 10225 208  17  8
21679 2020  1 19 03 N 28366 E126482 10224 210  15  7
21679 2020  1 19 06 N 28356 E126522 10208 213  14  8
21679 2020  1 19 09 N 28331 E126563 10216 214  12  8
21679 2020  1 19 12 N 28306 E126587 10228 218  12  8
21679 2020  1 19 15 N 28274 E126599 10225 218  12  9
21679 2020  1 19 18 N 28262 E126607 10219 218  12  8
21679 2020  1 19 21 N 28274 E126633 10215 217  12  9
21679 2020  1 20 00 N 28277 E126685 10231 216  13  9
21679 2020  1 20 03 N 28274 E126744 10237 215  13  7
21679 2020  1 20 06 N 28290 E126786 10223 216  12  7
21679 2020  1 20 09 N 28328 E126842 10234 214  15  8
21679 2020  1 20 12 N 28386 E126975 10253 226  17  7
21679 2020  1 20 15 N 28460 E127107 10259 227  14  7
21679 2020  1 20 18 N 28548 E127218 10253 228  14  7
21679 2020  1 20 21 N 28643 E127310 10255 228  13  7
21679 2020  1 21 00 N 28741 E127387 10272 228  16  7
21679 2020  1 21 03 N 28838 E127455 10272 229  16  7
21679 2020  1 21 06 N 28940 E127509 10258 228  18  7
21679 2020  1 21 09 N 29044 E127563 10263 228  13  7
21679 2020  1 21 12 N 29149 E127608 10266 227  13  7
21679 2020  1 21 15 N 29250 E127660 10266 226  12  8
21679 2020  1 21 18 N 29342 E127721 10246 227  11  7
21679 2020  1 21 21 N 29422 E127782 10242 227  11 10
21679 2020  1 22 00 N 29499 E127845 10245 227  10 12
21679 2020  1 22 03 N 29569 E127926 10241 227  10 10
21679 2020  1 22 06 N 29628 E128029 10220 226  12  7
21679 2020  1 22 09 N 29672 E128159 10221 221  12  8
21679 2020  1 22 12 N 29696 E128292 10223 215  13  7
21679 2020  1 22 15 N 29714 E128441 10213 209  17  6
21679 2020  1 22 18 N 29727 E128558 10200 208  16  6
21679 2020  1 22 21 N 29743 E128640 10191 210  20  7
21679 2020  1 22 22 N 29747 E128670 10195 210  20  6
21679 2020  1 22 23 N 29750 E128702 10198 210  20  6
21679 2020  1 23 00 N 29755 E128736 10208 210  21  6
21679 2020  1 23 01 N 29756 E128771 10215 210  19  6
21679 2020  1 23 02 N 29748 E128800 10215 209  18  6
21679 2020  1 23 03 N 29732 E128828 10209 209  17  6
21679 2020  1 23 06 N 29703 E128916 10190 208  12  6
21679 2020  1 23 09 N 29737 E129044 10199 210  11  6
21679 2020  1 23 10 N 29754 E129080 10209 209   9  7
21679 2020  1 23 11 N 29775 E129116 10211 209  11  7
21679 2020  1 23 12 N 29797 E129155 10216 209   9  8
21679 2020  1 23 13 N 29824 E129198 10215 210   9  7
21679 2020  1 23 14 N 29852 E129244 10220 211   8  7
21679 2020  1 23 15 N 29882 E129290 10218 212   8  7
21679 2020  1 23 16 N 29908 E129335 10218 212   8  7
21679 2020  1 23 17 N 29930 E129370 10221 212   7  7
21679 2020  1 23 18 N 29946 E129393 10217 211   7  7
21679 2020  1 23 19 N 29959 E129405 10211 211   8  7
21679 2020  1 23 20 N 29972 E129410 10213 210   7  7
21679 2020  1 23 21 N 29991 E129412 10215 209   7  7
21679 2020  1 23 22 N 30017 E129412 10220 209   7  7
21679 2020  1 23 23 N 30047 E129410 10225 209   8  7
21679 2020  1 24 00 N 30077 E129408 10236 207   8  6
21679 2020  1 24 01 N 30102 E129410 10243 208  10  7
21679 2020  1 24 02 N 30123 E129418 10240 208  12  6
21679 2020  1 24 03 N 30142 E129427 10234 208  12  6
21679 2020  1 24 04 N 30159 E129440 10224 209  12  6
21679 2020  1 24 05 N 30177 E129451 10220 209   9  6
21679 2020  1 24 06 N 30197 E129460 10219 209  11  6
21679 2020  1 24 07 N 30217 E129467 10220 209  10  6
21679 2020  1 24 08 N 30238 E129471 10222 209  12  7
21679 2020  1 24 09 N 30257 E129472 10222 208  11  6
21679 2020  1 24 10 N 30275 E129471 10230 207  12  7
21679 2020  1 24 11 N 30294 E129471 10235 207  11  6
21679 2020  1 24 12 N 30313 E129472 10242 206  10  6
21679 2020  1 24 13 N 30328 E129472 10237 207  10  7
21679 2020  1 24 14 N 30342 E129470 10239 207  10  7
21679 2020  1 24 15 N 30356 E129464 10238 206  10  6
21679 2020  1 24 16 N 30363 E129454 10234 206  11  6
21679 2020  1 24 17 N 30368 E129445 10228 207  11  6
21679 2020  1 24 18 N 30368 E129438 10228 210  14  7
21679 2020  1 24 19 N 30365 E129433 10225 211  13  7
21679 2020  1 24 20 N 30362 E129432 10222 211  14  6
21679 2020  1 24 21 N 30358 E129425 10225 211  13  7
21679 2020  1 24 22 N 30354 E129413 10225 212  14  7
21679 2020  1 24 23 N 30349 E129398 10230 212  16  7
21679 2020  1 25 00 N 30344 E129382 10228 212  19  7
21679 2020  1 25 01 N 30340 E129365 10228 213  18  7
21679 2020  1 25 02 N 30338 E129347 10225 213  16  7
21679 2020  1 25 03 N 30340 E129331 10220 213  15  7
21679 2020  1 25 04 N 30345 E129315 10208 213  15  7
21679 2020  1 25 05 N 30354 E129301 10204 212  15  7
21679 2020  1 25 06 N 30363 E129290 10195 211  16  7
21679 2020  1 25 07 N 30370 E129280 10188 209  20  6
21679 2020  1 25 08 N 30375 E129269 10189 209  22  7
21679 2020  1 25 09 N 30380 E129260 10194 209  19  7
21679 2020  1 25 10 N 30386 E129252 10192 209  21  7
21679 2020  1 25 11 N 30392 E129248 10196 209  19  7
21679 2020  1 25 12 N 30399 E129246 10199 209  20  7
21679 2020  1 25 13 N 30395 E129251 10200 209  20  7
21679 2020  1 25 14 N 30379 E129262 10208 209  23  6
21679 2020  1 25 15 N 30360 E129270 10209 208  26  7
21679 2020  1 25 16 N 30344 E129270 10201 207  27  7
21679 2020  1 25 17 N 30332 E129265 10201 207  31  8
21679 2020  1 25 18 N 30322 E129257 10197 206  27  7
21679 2020  1 25 19 N 30313 E129247 10192 206  25  7
21679 2020  1 25 20 N 30305 E129238 10180 206  26  7
21679 2020  1 25 21 N 30299 E129229 10188 206  22  7
21679 2020  1 25 22 N 30296 E129219 10192 207  25  7
21679 2020  1 25 23 N 30296 E129208 10193 207  23  8
21679 2020  1 26 00 N 30297 E129195 10193 207  26  7
21679 2020  1 26 01 N 30299 E129183 10189 206  27  7
21679 2020  1 26 02 N 30304 E129174 10176 206  29  7
21679 2020  1 26 03 N 30311 E129170 10171 204  28  7
21679 2020  1 26 04 N 30321 E129170 10156 202  27  7
21679 2020  1 26 05 N 30329 E129175 10152 198  25  7
21679 2020  1 26 06 N 30326 E129185 10150 194  24  7
21679 2020  1 26 07 N 30319 E129193 10150 194  28  7
21679 2020  1 26 08 N 30312 E129201 10141 194  30  8
21679 2020  1 26 09 N 30306 E129207 10141 194  31  7
21679 2020  1 26 10 N 30300 E129211 10140 195  33  8
21679 2020  1 26 11 N 30296 E129213 10127 195  35  8
21679 2020  1 26 12 N 30293 E129211 10116 195  37  7
21679 2020  1 26 13 N 30291 E129212 10116 196  39  8
21679 2020  1 26 14 N 30284 E129218 10103 196  37  8
21679 2020  1 26 15 N 30274 E129223 10086 196  42  8
21679 2020  1 26 16 N 30264 E129227 10072 196  44  8
21679 2020  1 26 17 N 30255 E129227 10056 196  46  8
21679 2020  1 26 18 N 30252 E129223 10051 196  44  9
21679 2020  1 26 19 N 30257 E129219 10034 204  43  9
21679 2020  1 26 20 N 30271 E129219 10030 207  46  9
21679 2020  1 26 21 N 30294 E129226 10025 207  41  8
21679 2020  1 26 22 N 30318 E129231 10025 206  41  8
21679 2020  1 26 23 N 30343 E129238 10020 205  38  8
21679 2020  1 27 00 N 30363 E129248 10020 203  39  8
21679 2020  1 27 01 N 30383 E129257 10012 202  38  8
21679 2020  1 27 02 N 30403 E129275 10009 199  39  8
21679 2020  1 27 03 N 30423 E129316  9998 199  36  8
21679 2020  1 27 04 N 30434 E129361  9994 197  33  7
21679 2020  1 27 05 N 30429 E129417 10013 197  33  7
21679 2020  1 27 06 N 30415 E129465 10030 196  36  7
21679 2020  1 27 07 N 30403 E129508 10041 195  35  8
21679 2020  1 27 08 N 30394 E129550 10047 195  34  8
21679 2020  1 27 09 N 30383 E129591 10060 195  36  8
21679 2020  1 27 10 N 30370 E129631 10068 195  33  8
21679 2020  1 27 11 N 30354 E129663 10083 195  33  8
21679 2020  1 27 12 N 30337 E129684 10088 196  31  8
21679 2020  1 27 13 N 30321 E129707 10094 196  30  8
21679 2020  1 27 14 N 30308 E129733 10097 196  25  7
21679 2020  1 27 15 N 30296 E129758 10100 197  25  7
21679 2020  1 27 16 N 30286 E129784 10101 197  22  8
21679 2020  1 27 17 N 30275 E129810 10104 198  25  8
21679 2020  1 27 18 N 30264 E129835 10110 198  24  7
21679 2020  1 27 19 N 30255 E129861 10114 198  24  7
21679 2020  1 27 20 N 30250 E129888 10108 198  26  8
21679 2020  1 27 21 N 30246 E129909 10116 198  26  8
21679 2020  1 27 22 N 30245 E129929 10121 197  27  7
21679 2020  1 27 23 N 30250 E129946 10122 198  26  7
21679 2020  1 28 00 N 30257 E129965 10130 198  27  8
21679 2020  1 28 01 N 30263 E129986 10135 198  25  8
21679 2020  1 28 02 N 30265 E130008 10135 198  28  8
21679 2020  1 28 03 N 30263 E130028 10130 199  29  8
21679 2020  1 28 04 N 30261 E130049 10128 200  26  8
21679 2020  1 28 05 N 30267 E130057 10122 211  23  8
21679 2020  1 28 06 N 30271 E130069 10117 212  24  7
21679 2020  1 28 07 N 30276 E130084 10121 213  21  8
21679 2020  1 28 08 N 30281 E130097 10130 215  23  7
21679 2020  1 28 09 N 30287 E130105 10131 214  22  7
21679 2020  1 28 10 N 30292 E130111 10136 214  21  8
21679 2020  1 28 11 N 30297 E130112 10136 214  20  8
21679 2020  1 28 12 N 30304 E130117 10145 214  20  8
21679 2020  1 28 13 N 30309 E130122 10145 213  20  8
21679 2020  1 28 14 N 30315 E130128 10138 213  19  7
21679 2020  1 28 15 N 30316 E130135 10141 213  18  7
21679 2020  1 28 16 N 30312 E130140 10137 213  18  8
21679 2020  1 28 17 N 30305 E130146 10139 213  16  8
21679 2020  1 28 18 N 30300 E130155 10136 213  17  7
21679 2020  1 28 19 N 30295 E130163 10136 213  17  7
21679 2020  1 28 20 N 30295 E130173 10131 212  15  7
21679 2020  1 28 21 N 30297 E130186 10135 212  15  8
21679 2020  1 28 22 N 30298 E130194 10135 212  15  7
21679 2020  1 28 23 N 30300 E130202 10136 211  14  7
21679 2020  1 29 00 N 30302 E130207 10140 211  15  8
21679 2020  1 29 01 N 30306 E130205 10138 212  14  8
21679 2020  1 29 02 N 30307 E130200 10138 212  14  7
21679 2020  1 29 03 N 30306 E130202 10132 212  14  7
21679 2020  1 29 04 N 30302 E130202 10122 212  16  7
21679 2020  1 29 05 N 30297 E130201 10118 208  16  8
21679 2020  1 29 06 N 30284 E130214 10117 207  17  8
21679 2020  1 29 07 N 30268 E130233 10120 206  17  8
21679 2020  1 29 08 N 30252 E130247 10117 207  18  8
21679 2020  1 29 09 N 30240 E130264 10120 206  17  8
21679 2020  1 29 10 N 30226 E130286 10121 205  20  8
21679 2020  1 29 11 N 30216 E130304 10123 206  21  8
21679 2020  1 29 12 N 30208 E130318 10122 207  23  8
21679 2020  1 29 13 N 30200 E130328 10122 208  25  7
21679 2020  1 29 14 N 30192 E130339 10119 209  28  8
21679 2020  1 29 15 N 30182 E130357 10120 207  28  8
21679 2020  1 29 16 N 30168 E130377 10115 207  29  8
21679 2020  1 29 17 N 30153 E130407 10112 207  30  8
21679 2020  1 29 18 N 30135 E130444 10104 206  28  9
21679 2020  1 29 19 N 30117 E130481 10098 206  27  8
21679 2020  1 29 20 N 30099 E130507 10094 208  29  8
21679 2020  1 29 21 N 30084 E130522 10095 210  31  8
21679 2020  1 29 22 N 30072 E130535 10099 209  28  8
21679 2020  1 29 23 N 30066 E130545 10100 209  29  8
21679 2020  1 30 00 N 30070 E130564 10103 208  28  8
21679 2020  1 30 01 N 30073 E130586 10099 208  26  8
21679 2020  1 30 02 N 30072 E130609 10099 208  25  8
21679 2020  1 30 03 N 30070 E130637 10093 208  32  8
21679 2020  1 30 04 N 30064 E130662 10088 211  31  8
21679 2020  1 30 05 N 30062 E130686 10081 212  30  8
21679 2020  1 30 06 N 30060 E130707 10074 212  26  8
21679 2020  1 30 07 N 30056 E130730 10078 210  27  8
21679 2020  1 30 08 N 30052 E130755 10079 209  25  8
21679 2020  1 30 09 N 30053 E130778 10087 210  27  8
21679 2020  1 30 10 N 30056 E130797 10093 210  25  9
21679 2020  1 30 11 N 30064 E130811 10096 212  27  8
21679 2020  1 30 12 N 30071 E130824 10101 212  28  8
21679 2020  1 30 13 N 30076 E130842 10110 212  27  8
21679 2020  1 30 14 N 30079 E130864 10119 213  30  8
21679 2020  1 30 15 N 30081 E130890 10124 213  28  9
21679 2020  1 30 16 N 30085 E130917 10127 216  28  8
21679 2020  1 30 17 N 30090 E130943 10129 217  29  8
21679 2020  1 30 18 N 30094 E130969 10131 218  29  8
21679 2020  1 30 19 N 30098 E130996 10132 218  30  7
21679 2020  1 30 20 N 30103 E131024 10138 218  29  8
21679 2020  1 30 21 N 30110 E131047 10141 217  28  8
21679 2020  1 30 22 N 30119 E131069 10150 216  26  8
21679 2020  1 30 23 N 30130 E131088 10156 216  27  8
21679 2020  1 31 00 N 30144 E131105 10164 217  23  7
21679 2020  1 31 01 N 30162 E131123 10169 217  23  8
21679 2020  1 31 02 N 30180 E131143 10169 217  20  8
21679 2020  1 31 03 N 30198 E131168 10167 218  18  8
21679 2020  1 31 04 N 30216 E131195 10160 218  17  7
21679 2020  1 31 05 N 30235 E131224 10157 218  17  8
21679 2020  1 31 06 N 30253 E131253 10156 218  15  8
21679 2020  1 31 09 N 30310 E131335 10171 218  15  8
21679 2020  1 31 12 N 30360 E131406 10184 217  16  7
21679 2020  1 31 15 N 30402 E131473 10192 217  15  7
21679 2020  1 31 18 N 30429 E131535 10197 217  15  7
21679 2020  1 31 21 N 30453 E131578 10209 216  14  8
21679 2020  2  1 00 N 30467 E131607 10226 216  13  8
21679 2020  2  1 03 N 30480 E131651 10224 216  13  8
21679 2020  2  1 06 N 30501 E131707 10212 216  14  8
21679 2020  2  1 09 N 30532 E131758 10221 214  13  8
21679 2020  2  1 12 N 30568 E131792 10230 213  11  8
21679 2020  2  1 15 N 30605 E131820 10228 212  10  8
21679 2020  2  1 18 N 30650 E131862 10232 210  11  8
21679 2020  2  1 21 N 30704 E131913 10238 209  10  8
21679 2020  2  2 00 N 30770 E131986 10251 210  10  7
21679 2020  2  2 03 N 30836 E132042 10245 211  11  7
21679 2020  2  2 06 N 30916 E132094 10226 211  12  7
21679 2020  2  2 09 N 31011 E132160 10230 211  11  8
21679 2020  2  2 12 N 31108 E132250 10234 211   9  9
21679 2020  2  2 15 N 31191 E132344 10230 210   8 10
21679 2020  2  2 18 N 31266 E132446 10216 208  12  8
21679 2020  2  2 21 N 31340 E132564 10216 206  12  7
21679 2020  2  3 00 N 31407 E132687 10230 208  12  7
21679 2020  2  3 03 N 31459 E132794 10221 208  10  7
21679 2020  2  3 06 N 31500 E132898 10213 209  11  7
21679 2020  2  3 09 N 31533 E132991 10234 208  13  7
21679 2020  2  3 12 N 31568 E133074 10236 209   8  8
21679 2020  2  3 15 N 31598 E133143 10239 209  11  7
21679 2020  2  3 18 N 31619 E133208 10234 209  14  8
21679 2020  2  3 21 N 31633 E133270 10235 209  12  8
21679 2020  2  4 00 N 31645 E133326 10245 210  10  7
21679 2020  2  4 03 N 31670 E133376 10233 210  10  7
21679 2020  2  4 06 N 31699 E133432 10217 210  11  7
21679 2020  2  4 09 N 31733 E133490 10218 210  11  8
21679 2020  2  4 12 N 31775 E133550 10222 210  10  7
21679 2020  2  4 15 N 31819 E133628 10214 209   9  9
21679 2020  2  4 18 N 31847 E133717 10202 209  11 12
21679 2020  2  4 21 N 31858 E133803 10198 209  12  8
21679 2020  2  5 00 N 31853 E133883 10209 209  16  7
21679 2020  2  5 03 N 31842 E133964 10202 208  16  7
21679 2020  2  5 06 N 31829 E134046 10185 207  23  7
21679 2020  2  5 07 N 31824 E134074 10185 207  24  7
21679 2020  2  5 08 N 31821 E134103 10194 207  27  7
21679 2020  2  5 09 N 31817 E134135 10198 206  27  7
21679 2020  2  5 10 N 31810 E134165 10209 206  26  8
21679 2020  2  5 11 N 31800 E134197 10216 205  27  7
21679 2020  2  5 12 N 31789 E134230 10218 205  26  7
21679 2020  2  5 13 N 31775 E134259 10225 206  26  7
21679 2020  2  5 14 N 31762 E134287 10231 205  25  7
21679 2020  2  5 15 N 31748 E134316 10234 206  23  8
21679 2020  2  5 16 N 31730 E134342 10235 205  21  7
21679 2020  2  5 17 N 31712 E134367 10236 205  23  7
21679 2020  2  5 18 N 31691 E134392 10237 205  22  8
21679 2020  2  5 19 N 31669 E134417 10235 206  22  8
21679 2020  2  5 20 N 31647 E134442 10239 205  23  7
21679 2020  2  5 21 N 31624 E134467 10245 205  21  7
21679 2020  2  5 22 N 31599 E134492 10250 205  20  7
21679 2020  2  5 23 N 31572 E134515 10260 205  19  7
21679 2020  2  6 00 N 31544 E134537 10264 205  22  8
21679 2020  2  6 01 N 31516 E134557 10266 206  19  7
21679 2020  2  6 02 N 31488 E134575 10263 206  17  7
21679 2020  2  6 03 N 31459 E134592 10258 206  18  8
21679 2020  2  6 06 N 31368 E134633 10259 205  14  8
21679 2020  2  6 09 N 31281 E134693 10268 207  14  9
21679 2020  2  6 12 N 31194 E134747 10284 207  14  8
21679 2020  2  6 15 N 31113 E134782 10282 207  13  8
21679 2020  2  6 18 N 31034 E134805 10273 207  13  8
21679 2020  2  6 21 N 30956 E134821 10275 207  12  9
21679 2020  2  7 00 N 30882 E134826 10275 208  12  9
21679 2020  2  7 03 N 30817 E134828 10253 209  11  8
21679 2020  2  7 06 N 30768 E134825 10226 208  13 10
21679 2020  2  7 09 N 30733 E134832 10220 207  13  9
21679 2020  2  7 12 N 30703 E134853 10206 206  14  8
21679 2020  2  7 15 N 30668 E134874 10181 205  18  8
21679 2020  2  7 18 N 30639 E134893 10153 203  17  7
21679 2020  2  7 21 N 30558 E134915 10136 205  20  6
21679 2020  2  7 22 N 30527 E134916 10145 205  21  6
21679 2020  2  7 23 N 30500 E134915 10150 205  25  7
21679 2020  2  8 01 N 30446 E134912 10161 205  26  7
21679 2020  2  8 02 N 30417 E134911 10159 205  26  7
21679 2020  2  8 03 N 30393 E134910 10152 205  24  8
21679 2020  2  8 04 N 30369 E134907 10146 205  24  7
21679 2020  2  8 05 N 30349 E134904 10147 206  22  8
21679 2020  2  8 06 N 30333 E134900 10145 206  20  7
21679 2020  2  8 07 N 30316 E134901 10148 206  21  8
21679 2020  2  8 08 N 30300 E134907 10158 206  25  6
21679 2020  2  8 09 N 30283 E134915 10164 206  25  7
21679 2020  2  8 10 N 30268 E134926 10173 206  24  7
21679 2020  2  8 11 N 30252 E134938 10176 205  27  7
21679 2020  2  8 12 N 30236 E134953 10178 205  25  7
21679 2020  2  8 13 N 30215 E134968 10186 206  27  7
21679 2020  2  8 14 N 30190 E134979 10186 205  30  8
21679 2020  2  8 15 N 30162 E134988 10182 204  31  8
21679 2020  2  8 16 N 30133 E134992 10185 203  26  7
21679 2020  2  8 17 N 30108 E134993 10185 203  26  8
21679 2020  2  8 18 N 30084 E134998 10181 203  29  7
21679 2020  2  8 19 N 30060 E135002 10180 205  26  7
21679 2020  2  8 20 N 30035 E135005 10183 205  26  8
21679 2020  2  8 21 N 30011 E135009 10191 205  28  8
21679 2020  2  8 22 N 29985 E135009 10198 205  23  8
21679 2020  2  8 23 N 29960 E135011 10202 204  25  7
21679 2020  2  9 00 N 29939 E135015 10208 204  25  7
21679 2020  2  9 01 N 29919 E135015 10212 205  26  8
21679 2020  2  9 02 N 29900 E135014 10211 205  24  8
21679 2020  2  9 03 N 29884 E135012 10201 206  22  8
21679 2020  2  9 04 N 29866 E135007 10192 205  23  7
21679 2020  2  9 05 N 29848 E134999 10191 205  21  8
21679 2020  2  9 06 N 29832 E134991 10190 205  25  8
21679 2020  2  9 07 N 29816 E134984 10189 205  25  8
21679 2020  2  9 08 N 29802 E134975 10188 205  22  8
21679 2020  2  9 09 N 29790 E134968 10192 205  23  8
21679 2020  2  9 10 N 29780 E134965 10195 204  23  8
21679 2020  2  9 11 N 29770 E134963 10195 204  22  8
21679 2020  2  9 12 N 29758 E134963 10197 204  21  8
21679 2020  2  9 13 N 29747 E134963 10194 204  20  8
21679 2020  2  9 14 N 29733 E134966 10199 204  20  8
21679 2020  2  9 15 N 29717 E134970 10196 204  19  8
21679 2020  2  9 18 N 29667 E134981 10186 204  17  8
21679 2020  2  9 21 N 29617 E134993 10188 203  19  7
21679 2020  2 10 00 N 29568 E135011 10210 204  20  7
21679 2020  2 10 01 N 29552 E135015 10210 204  24  7
21679 2020  2 10 02 N 29537 E135019 10210 204  25  7
21679 2020  2 10 03 N 29522 E135023 10208 205  24  8
21679 2020  2 10 04 N 29508 E135025 10202 205  24  8
21679 2020  2 10 05 N 29496 E135027 10203 205  25  7
21679 2020  2 10 06 N 29484 E135029 10205 205  24  8
21679 2020  2 10 07 N 29473 E135031 10208 205  22  8
21679 2020  2 10 08 N 29461 E135032 10215 203  23  8
21679 2020  2 10 09 N 29450 E135034 10220 203  21  8
21679 2020  2 10 10 N 29439 E135035 10225 203  23  8
21679 2020  2 10 11 N 29431 E135036 10232 203  23  8
21679 2020  2 10 12 N 29423 E135041 10233 203  21  8
21679 2020  2 10 13 N 29414 E135047 10238 203  21  8
21679 2020  2 10 14 N 29402 E135052 10244 202  19  8
21679 2020  2 10 15 N 29388 E135055 10246 202  22  8
21679 2020  2 10 16 N 29373 E135057 10248 200  21  8
21679 2020  2 10 17 N 29361 E135059 10248 201  23  8
21679 2020  2 10 18 N 29350 E135059 10248 201  20  8
21679 2020  2 10 19 N 29338 E135058 10248 201  21  8
21679 2020  2 10 20 N 29327 E135056 10251 201  21  8
21679 2020  2 10 21 N 29314 E135054 10258 201  18  8
21679 2020  2 11 00 N 29263 E135033 10281 201  16  7
21679 2020  2 11 03 N 29203 E135021 10282 203  16  8
21679 2020  2 11 06 N 29161 E135031 10277 203  13  8
21679 2020  2 11 09 N 29123 E135024 10288 202  15  7
21679 2020  2 11 12 N 29089 E135002 10293 202  14  8
21679 2020  2 11 15 N 29066 E134974 10294 201  14  9
21679 2020  2 11 18 N 29050 E134945 10285 201  13  9
21679 2020  2 11 21 N 29043 E134907 10282 201  13  9
21679 2020  2 12 00 N 29039 E134868 10286 202  12 10
21679 2020  2 12 03 N 29037 E134840 10275 203  12 10
21679 2020  2 12 06 N 29038 E134819 10259 204  12 10
21679 2020  2 12 09 N 29051 E134804 10253 203  12  9
21679 2020  2 12 12 N 29061 E134791 10248 202  13  9
21679 2020  2 12 15 N 29082 E134770 10231 202  16  8
21679 2020  2 12 18 N 29100 E134755 10224 203  18  7
21679 2020  2 12 21 N 29113 E134759 10221 204  19  7
21679 2020  2 13 00 N 29120 E134756 10228 204  19  7
21679 2020  2 13 03 N 29135 E134746 10216 205  21  7
21679 2020  2 13 04 N 29142 E134749 10211 205  21  7
21679 2020  2 13 05 N 29148 E134754 10208 206  21  7
21679 2020  2 13 06 N 29154 E134764 10206 206  19  7
21679 2020  2 13 09 N 29156 E134788 10211 206  18  7
21679 2020  2 13 12 N 29152 E134802 10221 205  17  7
21679 2020  2 13 15 N 29153 E134797 10213 205  16  8
21679 2020  2 13 18 N 29165 E134792 10209 205  17  7
21679 2020  2 13 21 N 29179 E134786 10207 205  15  8
21679 2020  2 14 00 N 29203 E134773 10216 205  14  9
21679 2020  2 14 03 N 29229 E134760 10208 206  13  8
21679 2020  2 14 06 N 29257 E134755 10185 206  13  8
21679 2020  2 14 09 N 29272 E134771 10202 206  13  7
21679 2020  2 14 12 N 29270 E134781 10223 205  12  7
21679 2020  2 14 15 N 29261 E134775 10217 205  11  9
21679 2020  2 14 18 N 29263 E134762 10206 205  11  8
21679 2020  2 14 21 N 29277 E134758 10208 205  12  8
21679 2020  2 15 00 N 29281 E134750 10224 206  11  8
21679 2020  2 15 03 N 29291 E134735 10214 209  11  8
21679 2020  2 15 06 N 29312 E134736 10196 210  11  8
21679 2020  2 15 09 N 29332 E134760 10194 209  11  7
21679 2020  2 15 12 N 29349 E134779 10195 209  11  8
21679 2020  2 15 15 N 29373 E134787 10181 208  11  8
21679 2020  2 15 18 N 29396 E134806 10168 208  12  7
21679 2020  2 15 21 N 29408 E134838 10163 208  13  7
21679 2020  2 16 00 N 29406 E134867 10168 207  13  7
21679 2020  2 16 03 N 29403 E134881 10150 207  15  7
21679 2020  2 16 06 N 29412 E134888 10122 209  20  7
21679 2020  2 16 07 N 29414 E134892 10119 209  21  6
21679 2020  2 16 08 N 29415 E134898 10118 209  23  6
21679 2020  2 16 09 N 29416 E134905 10115 209  22  7
21679 2020  2 16 10 N 29418 E134912 10119 208  25  7
21679 2020  2 16 11 N 29416 E134923 10128 208  24  6
21679 2020  2 16 12 N 29407 E134936 10131 207  23  7
21679 2020  2 16 13 N 29394 E134947 10129 206  23  7
21679 2020  2 16 14 N 29382 E134953 10134 206  24  7
21679 2020  2 16 15 N 29371 E134960 10135 207  25  7
21679 2020  2 16 16 N 29361 E134963 10134 206  25  7
21679 2020  2 16 17 N 29354 E134963 10137 206  25  7
21679 2020  2 16 18 N 29345 E134963 10135 207  29  7
21679 2020  2 16 19 N 29336 E134961 10134 207  27  7
21679 2020  2 16 20 N 29326 E134957 10134 207  33  7
21679 2020  2 16 21 N 29315 E134955 10147 206  36  8
21679 2020  2 16 22 N 29304 E134952 10150 206  36  8
21679 2020  2 16 23 N 29294 E134947 10151 206  35  8
21679 2020  2 17 00 N 29281 E134942 10160 206  36  8
21679 2020  2 17 01 N 29269 E134939 10158 206  36  9
21679 2020  2 17 02 N 29256 E134936 10150 206  34  8
21679 2020  2 17 03 N 29244 E134934 10144 206  37  8
21679 2020  2 17 04 N 29233 E134937 10137 205  35  9
21679 2020  2 17 05 N 29224 E134942 10134 205  35  9
21679 2020  2 17 06 N 29218 E134953 10136 204  33  8
21679 2020  2 17 07 N 29211 E134971 10133 203  32  8
21679 2020  2 17 08 N 29208 E134989 10140 203  30  8
21679 2020  2 17 09 N 29206 E135004 10147 203  34  8
21679 2020  2 17 10 N 29205 E135019 10151 204  35  8
21679 2020  2 17 11 N 29205 E135034 10159 203  34  8
21679 2020  2 17 12 N 29205 E135047 10165 203  39  8
21679 2020  2 17 13 N 29206 E135060 10169 203  40  8
21679 2020  2 17 14 N 29207 E135073 10164 203  39  9
21679 2020  2 17 15 N 29203 E135085 10164 203  40  8
21679 2020  2 17 16 N 29197 E135095 10163 203  40  9
21679 2020  2 17 17 N 29193 E135105 10164 204  42  9
21679 2020  2 17 18 N 29189 E135113 10164 203  42  8
21679 2020  2 17 19 N 29184 E135121 10164 203  45  9
21679 2020  2 17 20 N 29177 E135129 10174 203  47  9
21679 2020  2 17 21 N 29164 E135135 10185 203  50  9
21679 2020  2 17 22 N 29150 E135139 10202 203  50  9
21679 2020  2 17 23 N 29134 E135140 10212 205  50 10
21679 2020  2 18 00 N 29118 E135140 10217 204  50  9
21679 2020  2 18 01 N 29105 E135136 10218 204  42  9
21679 2020  2 18 02 N 29093 E135130 10219 204  39  9
21679 2020  2 18 03 N 29081 E135121 10220 203  48  9
21679 2020  2 18 04 N 29070 E135112 10216 204  42  9
21679 2020  2 18 05 N 29060 E135102 10213 204  41  9
21679 2020  2 18 06 N 29052 E135091 10213 203  37  9
21679 2020  2 18 07 N 29046 E135079 10220 203  38  9
21679 2020  2 18 08 N 29041 E135068 10227 203  34  8
21679 2020  2 18 09 N 29036 E135058 10235 202  32  8
21679 2020  2 18 10 N 29031 E135047 10246 202  32  8
21679 2020  2 18 11 N 29027 E135036 10251 201  30  8
21679 2020  2 18 12 N 29023 E135027 10255 201  30  8
21679 2020  2 18 13 N 29019 E135017 10258 201  26  8
21679 2020  2 18 14 N 29013 E135004 10258 200  26  8
21679 2020  2 18 15 N 29007 E134993 10255 200  24  8
21679 2020  2 18 16 N 29000 E134986 10256 199  20  7
21679 2020  2 18 17 N 28989 E134982 10255 199  19  8
21679 2020  2 18 18 N 28979 E134979 10252 199  19  8
21679 2020  2 18 21 N 28939 E134979 10261 200  17  8
21679 2020  2 19 00 N 28876 E134990 10282 201  15  8
21679 2020  2 19 03 N 28848 E134998 10281 203  12  7
21679 2020  2 19 06 N 28835 E134998 10267 201  12  7
21679 2020  2 19 09 N 28837 E134988 10274 201  12  7
21679 2020  2 19 12 N 28845 E134989 10284 201  11  7
21679 2020  2 19 15 N 28857 E134988 10280 201  10  8
21679 2020  2 19 18 N 28872 E134985 10267 201   9  9
21679 2020  2 19 21 N 28886 E134972 10273 201  10  8
21679 2020  2 20 00 N 28900 E134950 10289 202  10  9
21679 2020  2 20 03 N 28914 E134923 10288 203   9  9
21679 2020  2 20 06 N 28899 E134881 10280 204   9  9
21679 2020  2 20 09 N 28867 E134829 10295 202   8  9
21679 2020  2 20 12 N 28832 E134819 10309 201   9  9
21679 2020  2 20 15 N 28810 E134842 10312 201   9 10
21679 2020  2 20 18 N 28789 E134851 10305 201   8 10
21679 2020  2 20 21 N 28763 E134840 10313 201  10  9
21679 2020  2 21 00 N 28744 E134822 10332 202  13  7
21679 2020  2 21 03 N 28730 E134795 10321 202  14  6
21679 2020  2 21 06 N 28720 E134759 10302 203  13  6
21679 2020  2 21 09 N 28722 E134725 10305 202  12  7
21679 2020  2 21 12 N 28733 E134709 10315 202  12  8
21679 2020  2 21 15 N 28739 E134707 10310 202  12  7
21679 2020  2 21 18 N 28731 E134699 10293 202  12  7
21679 2020  2 21 21 N 28706 E134674 10281 201  12  8
21679 2020  2 22 00 N 28678 E134640 10286 203  14  8
21679 2020  2 22 03 N 28678 E134616 10272 204  13  8
21679 2020  2 22 06 N 28688 E134619 10250 205  15  9
21679 2020  2 22 09 N 28694 E134644 10253 203  14  8
21679 2020  2 22 12 N 28714 E134668 10256 203  14  9
21679 2020  2 22 15 N 28729 E134695 10257 203  14  8
21679 2020  2 22 18 N 28720 E134717 10250 203  17  7
21679 2020  2 22 21 N 28690 E134719 10257 201  22  7
21679 2020  2 22 22 N 28677 E134716 10262 201  23  7
21679 2020  2 22 23 N 28664 E134714 10267 202  21  8
21679 2020  2 23 00 N 28652 E134711 10275 202  22  7
21679 2020  2 23 01 N 28643 E134709 10274 202  24  7
21679 2020  2 23 02 N 28635 E134707 10270 202  22  7
21679 2020  2 23 03 N 28627 E134704 10267 202  27  7
21679 2020  2 23 04 N 28619 E134701 10260 202  21  7
21679 2020  2 23 05 N 28609 E134696 10253 203  22  8
21679 2020  2 23 06 N 28600 E134691 10253 203  21  8
21679 2020  2 23 07 N 28590 E134685 10255 203  19  8
21679 2020  2 23 08 N 28579 E134678 10256 202  19  8
21679 2020  2 23 09 N 28569 E134673 10258 202  22  8
21679 2020  2 23 10 N 28560 E134667 10261 201  23  8
21679 2020  2 23 11 N 28552 E134661 10266 201  20  8
21679 2020  2 23 12 N 28544 E134657 10268 201  19  8
21679 2020  2 23 15 N 28530 E134643 10270 201  16  7
21679 2020  2 23 18 N 28514 E134631 10265 201  15  7
21679 2020  2 23 21 N 28488 E134610 10268 201  16  7
21679 2020  2 24 00 N 28464 E134585 10275 202  15  8
21679 2020  2 24 03 N 28454 E134562 10270 206  13  8
21679 2020  2 24 06 N 28437 E134539 10256 209  13  8
21679 2020  2 24 09 N 28417 E134509 10253 205  11  8
21679 2020  2 24 12 N 28404 E134480 10261 202  11  8
21679 2020  2 24 15 N 28407 E134458 10257 202   9  8
21679 2020  2 24 18 N 28410 E134443 10244 202   8  8
21679 2020  2 24 21 N 28407 E134429 10237 202  10  8
21679 2020  2 25 00 N 28406 E134413 10242 203   9  9
21679 2020  2 25 03 N 28421 E134400 10228 204  10  9
21679 2020  2 25 06 N 28442 E134404 10205 205  10  9
21679 2020  2 25 09 N 28454 E134414 10199 204  11  9
21679 2020  2 25 12 N 28463 E134419 10194 203  11  9
21679 2020  2 25 15 N 28481 E134423 10181 203  11  9
21679 2020  2 25 18 N 28489 E134447 10173 203  11  8
21679 2020  2 25 21 N 28485 E134456 10172 205  11  9
21679 2020  2 26 00 N 28493 E134446 10176 208  10  9
21679 2020  2 26 03 N 28517 E134444 10163 210  10  8
21679 2020  2 26 06 N 28528 E134462 10150 211  11  8
21679 2020  2 26 09 N 28494 E134483 10161 209  13  7
21679 2020  2 26 12 N 28439 E134485 10169 208  12  8
21679 2020  2 26 15 N 28407 E134459 10169 210  11  8
21679 2020  2 26 18 N 28383 E134436 10164 211  14  8
21679 2020  2 26 21 N 28334 E134410 10175 210  15  7
21679 2020  2 27 00 N 28275 E134373 10197 207  16  8
21679 2020  2 27 03 N 28217 E134334 10204 208  17  7
21679 2020  2 27 07 N 28146 E134300 10204 208  21  7
21679 2020  2 27 08 N 28127 E134293 10208 208  21  8
21679 2020  2 27 09 N 28109 E134286 10216 207  20  7
21679 2020  2 27 10 N 28091 E134279 10218 207  20  8
21679 2020  2 27 11 N 28073 E134271 10225 207  19  8
21679 2020  2 27 12 N 28056 E134261 10235 207  21  8
21679 2020  2 27 13 N 28042 E134249 10238 206  19  8
21679 2020  2 27 14 N 28029 E134234 10234 206  21  8
21679 2020  2 27 15 N 28020 E134217 10230 206  19  8
21679 2020  2 27 18 N 28000 E134175 10227 205  18  8
21679 2020  2 27 21 N 27986 E134156 10230 203  22  8
21679 2020  2 27 22 N 27982 E134156 10234 203  17  7
21679 2020  2 27 23 N 27978 E134156 10236 203  17  8
21679 2020  2 28 00 N 27975 E134152 10240 202  17  8
21679 2020  2 28 03 N 27959 E134123 10234 203  16  7
21679 2020  2 28 06 N 27950 E134084 10221 203  16  8
21679 2020  2 28 09 N 27951 E134051 10221 202  17  8
21679 2020  2 28 12 N 27951 E134036 10228 202  16  9
21679 2020  2 28 15 N 27947 E134012 10220 202  16 10
21679 2020  2 28 18 N 27942 E133979 10209 202  15 10
21679 2020  2 28 21 N 27960 E133951 10203 202  16 11
21679 2020  2 29 00 N 27984 E133949 10204 203  17 10
21679 2020  2 29 03 N 28005 E133944 10195 203  17  8
21679 2020  2 29 06 N 28024 E133942 10175 203  18  7
21679 2020  2 29 09 N 28047 E133952 10171 202  19  8
21679 2020  2 29 12 N 28069 E133983 10178 202  18  8
21679 2020  2 29 15 N 28052 E134018 10173 203  18  8
21679 2020  2 29 18 N 28036 E134023 10166 203  15  8
21679 2020  2 29 21 N 28027 E134011 10168 207  16  8
21679 2020  3  1 00 N 28034 E134009 10171 208  14  9
21679 2020  3  1 03 N 28044 E134011 10164 211  14  8
21679 2020  3  1 06 N 28041 E134019 10147 212  12  7
21679 2020  3  1 09 N 28039 E134043 10150 211  12  7
21679 2020  3  1 12 N 28032 E134087 10160 211  13  7
21679 2020  3  1 15 N 27996 E134125 10157 209  12  7
21679 2020  3  1 18 N 27950 E134137 10144 208  13  7
21679 2020  3  1 21 N 27929 E134151 10143 207  13  8
21679 2020  3  2 00 N 27925 E134184 10155 207  13  7
21679 2020  3  2 03 N 27902 E134245 10153 208  13  7
21679 2020  3  2 06 N 27860 E134293 10151 209  13  7
21679 2020  3  2 09 N 27823 E134335 10171 211  13  7
21679 2020  3  2 12 N 27793 E134358 10188 210  11  7
21679 2020  3  2 21 N 27737 E134399 10203 210  11  7
21679 2020  3  3 00 N 27725 E134443 10224 211  13  7
21679 2020  3  3 03 N 27711 E134478 10215 213  14  8
21679 2020  3  3 06 N 27706 E134499 10198 213  14  8
21679 2020  3  3 09 N 27710 E134523 10208 213  15  8
21679 2020  3  3 12 N 27711 E134548 10219 211  15  8
21679 2020  3  3 15 N 27713 E134561 10210 208  14  8
21679 2020  3  3 18 N 27714 E134565 10204 209  13  8
21679 2020  3  3 21 N 27726 E134583 10204 209  13  8
21679 2020  3  4 00 N 27747 E134610 10201 209  14  8
21679 2020  3  4 03 N 27783 E134651 10183 210  14  8
21679 2020  3  4 06 N 27820 E134701 10160 209  14  7
21679 2020  3  4 09 N 27842 E134746 10159 209  13  8
21679 2020  3  4 12 N 27839 E134782 10164 209  12  9
21679 2020  3  4 15 N 27832 E134804 10162 209  10  8
21679 2020  3  4 18 N 27835 E134830 10153 208  13  9
21679 2020  3  4 21 N 27826 E134862 10161 207  14  7
21679 2020  3  5 00 N 27807 E134891 10176 207  23  7
21679 2020  3  5 01 N 27801 E134899 10178 207  23  7
21679 2020  3  5 02 N 27795 E134906 10179 206  23  7
21679 2020  3  5 03 N 27790 E134914 10179 207  23  7
21679 2020  3  5 04 N 27786 E134921 10171 207  27  7
21679 2020  3  5 05 N 27782 E134927 10164 207  27  7
21679 2020  3  5 06 N 27779 E134936 10168 208  27  7
21679 2020  3  5 07 N 27775 E134945 10177 208  28  8
21679 2020  3  5 08 N 27774 E134953 10182 208  27  7
21679 2020  3  5 09 N 27775 E134963 10176 210  27  8
21679 2020  3  5 10 N 27773 E134968 10189 211  29  8
21679 2020  3  5 11 N 27773 E134972 10188 210  28  8
21679 2020  3  5 12 N 27773 E134973 10193 212  35  8
21679 2020  3  5 13 N 27774 E134971 10197 212  36  9
21679 2020  3  5 14 N 27776 E134969 10193 211  37  9
21679 2020  3  5 15 N 27778 E134967 10197 212  27  8
21679 2020  3  5 16 N 27778 E134964 10196 211  29  9
21679 2020  3  5 17 N 27779 E134961 10190 210  25  8
21679 2020  3  5 18 N 27778 E134959 10192 210  25  8
21679 2020  3  5 19 N 27776 E134962 10189 209  26  9
21679 2020  3  5 20 N 27773 E134966 10194 208  27  8
21679 2020  3  5 21 N 27770 E134969 10202 207  24  8
21679 2020  3  5 22 N 27768 E134974 10208 206  24  8
21679 2020  3  5 23 N 27767 E134979 10212 206  25  8
21679 2020  3  6 01 N 27763 E134990 10221 206  21  8
21679 2020  3  6 02 N 27759 E134993 10220 206  20  8
21679 2020  3  6 03 N 27753 E134995 10212 206  20  8
21679 2020  3  6 04 N 27749 E134997 10206 207  20  8
21679 2020  3  6 05 N 27743 E135004 10201 207  18  9
21679 2020  3  6 06 N 27738 E135011 10201 208  18  8
21679 2020  3  6 09 N 27720 E135038 10211 208  18 10
21679 2020  3  6 12 N 27701 E135060 10221 210  18  9
21679 2020  3  6 15 N 27697 E135073 10211 210  16 10
21679 2020  3  6 18 N 27699 E135090 10204 211  16  9
21679 2020  3  6 21 N 27707 E135110 10209 211  16 10
21679 2020  3  7 00 N 27705 E135133 10225 212  16  9
21679 2020  3  7 03 N 27697 E135139 10211 212  14 10
21679 2020  3  7 06 N 27700 E135126 10184 213  13 10
21679 2020  3  7 09 N 27718 E135123 10176 213  15  9
21679 2020  3  7 12 N 27749 E135131 10181 214  15  8
21679 2020  3  7 15 N 27783 E135143 10161 214  14  8
21679 2020  3  7 18 N 27826 E135160 10141 214  16  9
21679 2020  3  7 21 N 27867 E135200 10121 215  17  7
21679 2020  3  8 00 N 27908 E135277 10121 213  23  7
21679 2020  3  8 01 N 27914 E135311 10132 212  22  6
21679 2020  3  8 02 N 27916 E135343 10135 210  23  7
21679 2020  3  8 03 N 27914 E135369 10129 210  20  7
21679 2020  3  8 04 N 27908 E135391 10124 211  19  7
21679 2020  3  8 05 N 27900 E135414 10117 211  17  8
21679 2020  3  8 06 N 27889 E135435 10114 211  15  7
21679 2020  3  8 09 N 27845 E135479 10130 211  17  8
21679 2020  3  8 12 N 27810 E135501 10152 211  16  8
21679 2020  3  8 15 N 27774 E135513 10152 210  18  8
21679 2020  3  8 18 N 27751 E135510 10147 210  19  8
21679 2020  3  8 21 N 27735 E135504 10152 210  20  8
21679 2020  3  8 22 N 27732 E135504 10159 210  20  8
21679 2020  3  8 23 N 27729 E135506 10163 210  22  8
21679 2020  3  9 00 N 27726 E135510 10162 211  21  9
21679 2020  3  9 01 N 27722 E135516 10169 211  27 10
21679 2020  3  9 02 N 27715 E135523 10169 212  26 10
21679 2020  3  9 03 N 27708 E135530 10164 213  25 10
21679 2020  3  9 04 N 27700 E135536 10154 214  29 12
21679 2020  3  9 05 N 27693 E135539 10144 214  28 11
21679 2020  3  9 06 N 27685 E135541 10138 214  24 11
21679 2020  3  9 07 N 27678 E135542 10140 214  26 10
21679 2020  3  9 08 N 27673 E135542 10142 213  28 10
21679 2020  3  9 09 N 27668 E135541 10145 212  27 10
21679 2020  3  9 10 N 27665 E135541 10143 212  31 11
21679 2020  3  9 11 N 27663 E135542 10143 212  28 10
21679 2020  3  9 12 N 27662 E135543 10148 211  30 10
21679 2020  3  9 13 N 27661 E135546 10147 212  28 11
21679 2020  3  9 14 N 27661 E135547 10143 211  26 11
21679 2020  3  9 15 N 27660 E135547 10140 211  23 10
21679 2020  3  9 16 N 27661 E135544 10129 211  25 10
21679 2020  3  9 17 N 27663 E135539 10121 211  21 10
21679 2020  3  9 18 N 27665 E135534 10111 211  23 10
21679 2020  3  9 19 N 27670 E135527 10105 211  19 10
21679 2020  3  9 20 N 27678 E135522 10101 211  22 10
21679 2020  3  9 21 N 27688 E135518 10100 211  22 10
21679 2020  3  9 22 N 27699 E135516 10098 211  20  9
21679 2020  3  9 23 N 27712 E135516 10100 212  20  9
21679 2020  3 10 00 N 27727 E135521 10096 212  18  9
21679 2020  3 10 03 N 27757 E135558 10089 213  18  8
21679 2020  3 10 06 N 27778 E135618 10051 213  19  8
21679 2020  3 10 09 N 27778 E135716 10065 213  21  7
21679 2020  3 10 10 N 27769 E135751 10067 213  22  8
21679 2020  3 10 11 N 27754 E135784 10077 212  20  7
21679 2020  3 10 12 N 27733 E135814 10089 212  20  7
21679 2020  3 10 13 N 27711 E135840 10093 211  21  7
21679 2020  3 10 14 N 27688 E135860 10092 210  22  7
21679 2020  3 10 15 N 27667 E135878 10095 209  23  7
21679 2020  3 10 16 N 27646 E135893 10096 208  22  7
21679 2020  3 10 17 N 27626 E135908 10096 208  23  7
21679 2020  3 10 18 N 27606 E135921 10098 208  23  7
21679 2020  3 10 19 N 27585 E135933 10098 207  22  7
21679 2020  3 10 20 N 27565 E135943 10106 207  22  7
21679 2020  3 10 21 N 27545 E135953 10117 206  23  8
21679 2020  3 10 22 N 27526 E135962 10127 205  24  8
21679 2020  3 10 23 N 27508 E135969 10140 204  25  8
21679 2020  3 11 00 N 27491 E135975 10147 204  28  7
21679 2020  3 11 01 N 27478 E135978 10150 203  33  8
21679 2020  3 11 02 N 27465 E135984 10152 203  31  8
21679 2020  3 11 03 N 27453 E135992 10149 203  29  8
21679 2020  3 11 04 N 27442 E136002 10147 203  31  8
21679 2020  3 11 05 N 27430 E136017 10145 203  27  8
21679 2020  3 11 06 N 27418 E136035 10148 203  26  9
21679 2020  3 11 07 N 27404 E136054 10154 203  27  9
21679 2020  3 11 08 N 27391 E136076 10159 204  27  9
21679 2020  3 11 09 N 27378 E136095 10166 204  26  9
21679 2020  3 11 10 N 27365 E136111 10175 204  25  8
21679 2020  3 11 11 N 27350 E136123 10182 204  23  8
21679 2020  3 11 12 N 27336 E136131 10190 205  26  8
21679 2020  3 11 13 N 27321 E136134 10194 205  26  9
21679 2020  3 11 14 N 27308 E136134 10201 205  26  8
21679 2020  3 11 15 N 27297 E136137 10200 204  24  8
21679 2020  3 11 16 N 27290 E136143 10206 204  23  8
21679 2020  3 11 17 N 27285 E136152 10205 204  24  8
21679 2020  3 11 18 N 27282 E136164 10203 204  24  8
21679 2020  3 11 19 N 27276 E136177 10201 203  23  8
21679 2020  3 11 20 N 27269 E136188 10209 203  21  8
21679 2020  3 11 21 N 27263 E136199 10213 203  21  8
21679 2020  3 11 22 N 27258 E136209 10219 204  20  8
21679 2020  3 11 23 N 27254 E136214 10224 205  19  8
21679 2020  3 12 00 N 27252 E136213 10221 206  21  8
21679 2020  3 12 01 N 27252 E136208 10225 207  18  9
21679 2020  3 12 02 N 27256 E136200 10228 208  18  8
21679 2020  3 12 03 N 27262 E136193 10227 209  18  8
21679 2020  3 12 06 N 27286 E136196 10220 211  16  9
21679 2020  3 12 09 N 27293 E136222 10225 209  17  8
21679 2020  3 12 12 N 27278 E136232 10237 206  15  8
21679 2020  3 12 15 N 27268 E136215 10230 205  15  8
21679 2020  3 12 18 N 27271 E136208 10214 204  14  8
21679 2020  3 12 21 N 27267 E136223 10211 204  15  8
21679 2020  3 13 00 N 27250 E136228 10218 205  14  8
21679 2020  3 13 03 N 27247 E136209 10201 205  13 10
21679 2020  3 13 06 N 27269 E136210 10169 205  16 10
21679 2020  3 13 09 N 27273 E136244 10174 205  14 10
21679 2020  3 13 12 N 27252 E136243 10173 204  12 10
21679 2020  3 13 15 N 27246 E136205 10157 203  12 10
21679 2020  3 13 18 N 27254 E136178 10131 204  12 10
21679 2020  3 13 21 N 27256 E136188 10121 203  14 10
21679 2020  3 14 00 N 27238 E136193 10117 204  13 11
21679 2020  3 14 03 N 27231 E136176 10091 205  12 10
21679 2020  3 14 06 N 27249 E136171 10071 206  14 10
21679 2020  3 14 09 N 27235 E136212 10084 205  14  9
21679 2020  3 14 12 N 27175 E136244 10102 203  19  7
21679 2020  3 14 15 N 27133 E136260 10101 204  17  7
21679 2020  3 14 18 N 27103 E136288 10102 201  20  7
21679 2020  3 14 19 N 27093 E136297 10097 200  24  7
21679 2020  3 14 20 N 27085 E136307 10105 200  23  7
21679 2020  3 14 21 N 27078 E136319 10114 200  25  8
21679 2020  3 14 22 N 27074 E136332 10122 201  29  7
21679 2020  3 14 23 N 27073 E136343 10131 202  27  7
21679 2020  3 15 00 N 27075 E136355 10141 203  26  7
21679 2020  3 15 01 N 27079 E136362 10141 206  28  8
21679 2020  3 15 02 N 27090 E136372 10143 208  25  7
21679 2020  3 15 03 N 27102 E136383 10138 210  28  7
21679 2020  3 15 04 N 27113 E136398 10132 210  27  7
21679 2020  3 15 05 N 27122 E136416 10133 211  26  7
21679 2020  3 15 06 N 27126 E136436 10131 211  28  8
21679 2020  3 15 07 N 27129 E136459 10135 211  27  8
21679 2020  3 15 08 N 27131 E136479 10142 210  31  8
21679 2020  3 15 09 N 27128 E136495 10148 209  29  8
21679 2020  3 15 10 N 27125 E136510 10153 209  30  8
21679 2020  3 15 11 N 27125 E136520 10160 211  26  7
21679 2020  3 15 12 N 27127 E136530 10162 211  26  7
21679 2020  3 15 13 N 27132 E136541 10158 211  30  8
21679 2020  3 15 14 N 27139 E136556 10159 212  29  8
21679 2020  3 15 15 N 27145 E136575 10153 212  26  8
21679 2020  3 15 16 N 27152 E136598 10148 212  26  8
21679 2020  3 15 17 N 27156 E136621 10140 212  22  8
21679 2020  3 15 18 N 27159 E136646 10135 211  22  9
21679 2020  3 15 19 N 27157 E136674 10134 210  24  8
21679 2020  3 15 20 N 27152 E136700 10145 209  26  8
21679 2020  3 15 21 N 27145 E136720 10148 208  29  7
21679 2020  3 15 22 N 27137 E136737 10152 208  27  8
21679 2020  3 15 23 N 27127 E136749 10161 207  29  8
21679 2020  3 16 00 N 27117 E136759 10173 208  30  7
21679 2020  3 16 01 N 27107 E136770 10171 207  30  8
21679 2020  3 16 02 N 27098 E136786 10167 207  33  8
21679 2020  3 16 03 N 27086 E136805 10166 207  37  8
21679 2020  3 16 04 N 27074 E136825 10166 207  34  8
21679 2020  3 16 05 N 27059 E136845 10160 207  44  9
21679 2020  3 16 06 N 27043 E136864 10162 206  39  9
21679 2020  3 16 07 N 27024 E136882 10169 206  36  9
21679 2020  3 16 08 N 27003 E136894 10178 205  35  9
21679 2020  3 16 09 N 26982 E136902 10184 204  37  9
21679 2020  3 16 10 N 26963 E136903 10192 203  36  9
21679 2020  3 16 11 N 26945 E136902 10200 204  42 10
21679 2020  3 16 12 N 26929 E136896 10209 203  43 10
21679 2020  3 16 13 N 26916 E136889 10213 203  38  8
21679 2020  3 16 14 N 26906 E136882 10218 203  35  9
21679 2020  3 16 15 N 26897 E136878 10215 203  36  9
21679 2020  3 16 16 N 26892 E136876 10212 202  35 10
21679 2020  3 16 17 N 26888 E136877 10211 202  33 10
21679 2020  3 16 18 N 26884 E136879 10206 202  33  9
21679 2020  3 16 19 N 26880 E136879 10205 202  32 10
21679 2020  3 16 20 N 26876 E136874 10210 202  26  9
21679 2020  3 16 21 N 26873 E136867 10218 202  27  8
21679 2020  3 16 22 N 26870 E136858 10227 202  26  9
21679 2020  3 16 23 N 26870 E136850 10235 203  23  8
21679 2020  3 17 00 N 26871 E136845 10237 203  28  9
21679 2020  3 17 01 N 26873 E136840 10237 204  22  9
21679 2020  3 17 02 N 26877 E136834 10234 205  23  9
21679 2020  3 17 03 N 26882 E136834 10229 206  22  9
21679 2020  3 17 04 N 26889 E136836 10217 210  20  8
21679 2020  3 17 05 N 26896 E136841 10214 209  22  9
21679 2020  3 17 06 N 26901 E136848 10212 210  23  8
21679 2020  3 17 07 N 26903 E136856 10210 210  22  9
21679 2020  3 17 08 N 26904 E136864 10211 210  22  9
21679 2020  3 17 09 N 26903 E136868 10214 208  20  9
21679 2020  3 17 10 N 26901 E136870 10216 207  21  9
21679 2020  3 17 11 N 26898 E136868 10219 205  20  9
21679 2020  3 17 12 N 26896 E136864 10221 204  20  8
21679 2020  3 17 13 N 26895 E136859 10219 204  18  9
21679 2020  3 17 14 N 26896 E136855 10218 204  18  9
21679 2020  3 17 15 N 26898 E136853 10216 204  17  9
21679 2020  3 17 18 N 26915 E136857 10199 203  16  9
21679 2020  3 17 21 N 26929 E136869 10205 203  15 10
21679 2020  3 18 00 N 26949 E136867 10221 205  16  9
21679 2020  3 18 03 N 26980 E136860 10206 209  15 11
21679 2020  3 18 06 N 27023 E136886 10191 211  16 11
21679 2020  3 18 09 N 27067 E136930 10198 210  13 10
21679 2020  3 18 12 N 27105 E136977 10208 208  13 10
21679 2020  3 18 15 N 27133 E137018 10204 207  12 11
21679 2020  3 18 18 N 27140 E137048 10189 205  12 11
21679 2020  3 18 21 N 27141 E137067 10190 206  10 10
21679 2020  3 19 00 N 27149 E137076 10199 207  11 12
21679 2020  3 19 03 N 27161 E137091 10191 208  10  9
21679 2020  3 19 06 N 27170 E137119 10160 208  10 10
21679 2020  3 19 09 N 27173 E137160 10162 208  10 10
21679 2020  3 19 12 N 27165 E137201 10161 208  10  9
21679 2020  3 19 15 N 27157 E137230 10147 208  13  7
21679 2020  3 19 18 N 27145 E137274 10133 207  15  7
21679 2020  3 19 21 N 27127 E137318 10134 206  14  6
21679 2020  3 20 00 N 27081 E137373 10158 207  13  7
21679 2020  3 20 03 N 27031 E137395 10160 208  13  7
21679 2020  3 20 06 N 26986 E137409 10150 207  14  7
21679 2020  3 20 09 N 26971 E137432 10161 208  13  8
21679 2020  3 20 12 N 26964 E137454 10178 208  13  7
21679 2020  3 20 15 N 26955 E137471 10178 208  10  8
21679 2020  3 20 18 N 26947 E137482 10170 209  13  8
21679 2020  3 20 21 N 26960 E137498 10185 212  14  8
21679 2020  3 21 00 N 26970 E137521 10209 213  15  8
21679 2020  3 21 03 N 26970 E137542 10202 219  17  8
21679 2020  3 21 06 N 26961 E137570 10190 225  15  8
21679 2020  3 21 12 N 26955 E137591 10204 223  13  7
21679 2020  3 21 15 N 26974 E137595 10197 222  11  7
21679 2020  3 21 18 N 27003 E137607 10180 220  10  7
21679 2020  3 21 21 N 27023 E137624 10180 218  10  7
21679 2020  3 22 00 N 27045 E137594 10189 221   8  7
21679 2020  3 22 03 N 27096 E137557 10171 223   7  8
21679 2020  3 22 06 N 27157 E137552 10146 223   7  8
21679 2020  3 22 09 N 27195 E137577 10153 221   8  7
21679 2020  3 22 12 N 27212 E137599 10147 220   8  8
21679 2020  3 22 15 N 27227 E137623 10127 215  13  7
21679 2020  3 22 18 N 27276 E137630 10101 221  13  6
21679 2020  3 22 21 N 27312 E137647 10098 222  17  7
21679 2020  3 23 00 N 27312 E137661 10111 222  17  6
21679 2020  3 23 03 N 27296 E137667 10108 223  16  6
21679 2020  3 23 06 N 27257 E137674 10101 224  15  7
21679 2020  3 23 09 N 27204 E137652 10112 222  13  7
21679 2020  3 23 12 N 27158 E137603 10132 222  12  7
21679 2020  3 23 15 N 27143 E137557 10134 221  12  7
21679 2020  3 23 18 N 27152 E137534 10129 221  11  6
21679 2020  3 23 21 N 27149 E137527 10143 221  11  7
21679 2020  3 24 00 N 27120 E137528 10163 219  12  6
21679 2020  3 24 03 N 27073 E137519 10163 217  12  7
21679 2020  3 24 06 N 27032 E137489 10154 217  14  7
21679 2020  3 24 09 N 27010 E137458 10168 216  15  7
21679 2020  3 24 12 N 26996 E137435 10185 215  17  7
21679 2020  3 24 15 N 26975 E137396 10197 213  17  7
21679 2020  3 24 21 N 26864 E137363 10215 206  16  8
21679 2020  3 25 00 N 26801 E137394 10233 208  17  8
21679 2020  3 25 03 N 26740 E137407 10227 210  18  8
21679 2020  3 25 06 N 26690 E137395 10216 211  13  9
21679 2020  3 25 09 N 26640 E137386 10222 209  12  8
21679 2020  3 25 12 N 26584 E137388 10234 208  12  8
21679 2020  3 25 15 N 26530 E137370 10235 208  13  9
21679 2020  3 25 18 N 26480 E137324 10234 208  12  9
21679 2020  3 25 21 N 26435 E137268 10239 209  11  9
21679 2020  3 26 00 N 26416 E137221 10250 210  12  8
21679 2020  3 26 03 N 26403 E137184 10246 212  12  9
21679 2020  3 26 06 N 26387 E137136 10231 212  12  9
21679 2020  3 26 09 N 26383 E137082 10232 211  13  9
21679 2020  3 26 15 N 26373 E137049 10241 214  12  8
21679 2020  3 26 18 N 26350 E137039 10230 215  12  7
21679 2020  3 26 21 N 26331 E137014 10235 214  12  8
21679 2020  3 27 00 N 26327 E136992 10235 215  11  8
21679 2020  3 27 03 N 26334 E136993 10247 216  13  7
21679 2020  3 27 06 N 26343 E136997 10205 217  12  8
21679 2020  3 27 09 N 26352 E136992 10209 216  11  7
21679 2020  3 27 12 N 26365 E137000 10220 215  11  8
21679 2020  3 27 15 N 26372 E137034 10213 216  12  8
21679 2020  3 27 18 N 26374 E137057 10198 216  12  8
21679 2020  3 27 21 N 26380 E137075 10195 216  12  7
21679 2020  3 28 00 N 26409 E137113 10199 217  10  8
21679 2020  3 28 03 N 26446 E137170 10185 219  11  8
21679 2020  3 28 06 N 26468 E137228 10160 217  12  7
21679 2020  3 28 09 N 26470 E137265 10160 214  11  8
21679 2020  3 28 12 N 26472 E137286 10170 210  12  8
21679 2020  3 28 15 N 26486 E137286 10163 206  12  7
21679 2020  3 28 18 N 26503 E137284 10155 206  12  7
21679 2020  3 28 21 N 26528 E137283 10157 206  11  8
21679 2020  3 29 00 N 26546 E137292 10155 208  11  8
21679 2020  3 29 03 N 26568 E137309 10148 213  12  7
21679 2020  3 29 06 N 26585 E137328 10132 215  13  7
21679 2020  3 29 09 N 26573 E137331 10140 217  12  8
21679 2020  3 29 12 N 26543 E137334 10159 215  12  8
21679 2020  3 29 15 N 26527 E137334 10157 213  12  8
21679 2020  3 29 18 N 26516 E137330 10150 213  14  8
21679 2020  3 29 21 N 26504 E137299 10166 211  13  9
21679 2020  3 30 00 N 26499 E137269 10179 212  19  9
21679 2020  3 30 03 N 26512 E137250 10167 224  21  9
21679 2020  3 30 04 N 26516 E137245 10163 227  21  9
21679 2020  3 30 05 N 26517 E137241 10155 225  22  9
21679 2020  3 30 06 N 26517 E137239 10154 225  21  9
21679 2020  3 30 07 N 26516 E137235 10157 224  20  9
21679 2020  3 30 08 N 26514 E137233 10162 222  18  9
21679 2020  3 30 09 N 26511 E137229 10164 222  17  9
21679 2020  3 30 12 N 26504 E137228 10174 220  17  9
21679 2020  3 30 15 N 26496 E137228 10165 217  17  9
21679 2020  3 30 18 N 26483 E137210 10150 219  17  9
21679 2020  3 30 21 N 26481 E137184 10155 220  17  9
21679 2020  3 31 00 N 26494 E137159 10172 221  16  9
21679 2020  3 31 03 N 26519 E137166 10148 222  17  9
21679 2020  3 31 06 N 26545 E137198 10136 222  16  9
21679 2020  3 31 09 N 26544 E137233 10147 221  15  9
21679 2020  3 31 12 N 26523 E137250 10158 221  14  9
21679 2020  3 31 15 N 26519 E137259 10152 222  16  9
21679 2020  3 31 18 N 26537 E137278 10136 222  16  9
21679 2020  3 31 21 N 26565 E137289 10138 220  14  8
21679 2020  4  1 00 N 26610 E137299 10140 221  15  9
21679 2020  4  1 03 N 26674 E137316 10129 221  15  9
21679 2020  4  1 06 N 26758 E137340 10116 226  17  8
21679 2020  4  1 09 N 26841 E137346 10110 226  17  8
21679 2020  4  1 12 N 26900 E137383 10126 225  18  8
21679 2020  4  1 15 N 26918 E137459 10135 226  22  7
21679 2020  4  1 16 N 26920 E137484 10139 226  23  7
21679 2020  4  1 17 N 26924 E137514 10141 229  20  7
21679 2020  4  1 18 N 26924 E137545 10138 229  21  7
21679 2020  4  1 19 N 26922 E137566 10140 230  20  8
21679 2020  4  1 20 N 26920 E137585 10145 231  19  7
21679 2020  4  1 21 N 26914 E137600 10152 231  19  7
21679 2020  4  2 00 N 26888 E137633 10171 233  26  8
21679 2020  4  2 01 N 26880 E137638 10175 234  23  9
21679 2020  4  2 02 N 26875 E137639 10175 236  22  9
21679 2020  4  2 03 N 26871 E137638 10171 237  27  9
21679 2020  4  2 04 N 26868 E137634 10168 238  26  8
21679 2020  4  2 05 N 26868 E137624 10166 238  27  9
21679 2020  4  2 06 N 26874 E137613 10166 239  27  9
21679 2020  4  2 07 N 26883 E137603 10169 239  30  9
21679 2020  4  2 09 N 26911 E137589 10181 239  25  9
21679 2020  4  2 10 N 26927 E137586 10190 239  27  9
21679 2020  4  2 11 N 26944 E137589 10196 239  26  9
21679 2020  4  2 12 N 26961 E137596 10195 239  26  9
21679 2020  4  2 13 N 26974 E137609 10196 239  21  9
21679 2020  4  2 14 N 26983 E137626 10199 239  24  9
21679 2020  4  2 15 N 26991 E137639 10198 239  22  8
21679 2020  4  2 16 N 26997 E137651 10196 239  22  8
21679 2020  4  2 17 N 27002 E137661 10194 239  20  8
21679 2020  4  2 18 N 27004 E137673 10187 239  21  8
21679 2020  4  2 19 N 27003 E137684 10190 239  21  8
21679 2020  4  2 20 N 27000 E137695 10194 239  19  8
21679 2020  4  2 21 N 26994 E137704 10199 239  22  8
21679 2020  4  2 22 N 26986 E137710 10202 239  20  9
21679 2020  4  2 23 N 26978 E137713 10206 240  19  9
21679 2020  4  3 00 N 26968 E137712 10210 240  16  9
21679 2020  4  3 03 N 26937 E137684 10203 243  17  9
21679 2020  4  3 06 N 26924 E137622 10186 244  16  9
21679 2020  4  3 09 N 26947 E137555 10190 242  17  8
21679 2020  4  3 12 N 26991 E137522 10199 242  16  9
21679 2020  4  3 15 N 27038 E137525 10195 241  16  9
21679 2020  4  3 18 N 27076 E137544 10175 240  17  9
21679 2020  4  3 21 N 27107 E137559 10181 240  15  8
21679 2020  4  4 00 N 27127 E137565 10188 239  18 10
21679 2020  4  4 03 N 27143 E137573 10173 240  19 10
21679 2020  4  4 06 N 27150 E137582 10159 239  16 10
21679 2020  4  4 09 N 27158 E137578 10167 238  17 10
21679 2020  4  4 12 N 27191 E137571 10175 238  15 10
21679 2020  4  4 15 N 27233 E137577 10162 237  16 10
21679 2020  4  4 18 N 27295 E137595 10144 237  17 10
21679 2020  4  4 21 N 27356 E137636 10144 236  14 10
21679 2020  4  5 00 N 27397 E137703 10156 237  14 10
21679 2020  4  5 03 N 27423 E137760 10156 238  14 10
21679 2020  4  5 06 N 27427 E137812 10138 238  14 10
21679 2020  4  5 09 N 27411 E137855 10150 237  13  9
21679 2020  4  5 12 N 27385 E137898 10166 235  13  8
21679 2020  4  5 15 N 27359 E137922 10166 234  13 11
21679 2020  4  5 18 N 27332 E137924 10157 233  12 10
21679 2020  4  5 21 N 27308 E137902 10169 230  14  9
21679 2020  4  6 00 N 27304 E137879 10183 230  13  8
21679 2020  4  6 03 N 27307 E137869 10178 232  15  8
21679 2020  4  6 06 N 27304 E137848 10167 232  19  9
21679 2020  4  6 09 N 27303 E137817 10171 229  18  8
21679 2020  4  6 12 N 27301 E137786 10188 228  17  9
21679 2020  4  6 15 N 27298 E137771 10183 225  19  9
21679 2020  4  6 18 N 27278 E137762 10168 223  18  9
21679 2020  4  6 21 N 27244 E137745 10169 223  17  9
21679 2020  4  7 00 N 27228 E137694 10182 224  16  9
21679 2020  4  7 03 N 27247 E137652 10171 224  17  9
21679 2020  4  7 06 N 27277 E137640 10167 223  15 10
21679 2020  4  7 09 N 27295 E137646 10165 223  14  9
21679 2020  4  7 12 N 27304 E137643 10165 222  13 10
21679 2020  4  7 15 N 27311 E137645 10159 223  13 10
21679 2020  4  7 18 N 27307 E137641 10135 224  12 11
21679 2020  4  7 21 N 27302 E137616 10148 225  11 10
21679 2020  4  8 00 N 27296 E137570 10159 227  11 10
21679 2020  4  8 03 N 27311 E137521 10158 229  10 10
21679 2020  4  8 06 N 27340 E137488 10153 230   9 10
21679 2020  4  8 09 N 27363 E137467 10158 229  10 10
21679 2020  4  8 12 N 27378 E137453 10177 229  10  9
21679 2020  4  8 15 N 27385 E137436 10173 228  11 10
21679 2020  4  8 18 N 27391 E137418 10166 227  10 10
21679 2020  4  8 21 N 27393 E137397 10173 227  10 10
21679 2020  4  9 00 N 27403 E137375 10181 228  10 10
21679 2020  4  9 03 N 27432 E137323 10174 232  10 11
21679 2020  4  9 06 N 27446 E137259 10165 235   9  9
21679 2020  4  9 09 N 27467 E137189 10170 234  10 10
21679 2020  4  9 12 N 27497 E137157 10188 231  12  8
21679 2020  4  9 15 N 27493 E137160 10190 231  11  8
21679 2020  4  9 18 N 27488 E137111 10183 231  12  8
21679 2020  4  9 21 N 27509 E137040 10187 231  10  9
21679 2020  4 10 00 N 27541 E137012 10199 233  13  9
21679 2020  4 10 03 N 27560 E137027 10200 236  11  8
21679 2020  4 10 06 N 27558 E137041 10192 236  11  9
21679 2020  4 10 09 N 27556 E137014 10195 235  10 10
21679 2020  4 10 12 N 27554 E136998 10208 234  10  7
21679 2020  4 10 15 N 27550 E136992 10206 234  11  8
21679 2020  4 10 18 N 27536 E136968 10199 233  10  8
21679 2020  4 10 21 N 27526 E136911 10204 231  11  8
21679 2020  4 11 00 N 27527 E136869 10214 232  12  8
21679 2020  4 11 03 N 27533 E136843 10204 236  11  7
21679 2020  4 11 06 N 27553 E136813 10179 240  13  8
21679 2020  4 11 09 N 27574 E136794 10176 233  13  8
21679 2020  4 11 12 N 27583 E136786 10186 230  11  8
21679 2020  4 11 15 N 27580 E136778 10169 230  10  9
21679 2020  4 11 18 N 27575 E136749 10145 230  11  9
21679 2020  4 11 21 N 27584 E136704 10131 230  11  9
21679 2020  4 12 00 N 27614 E136656 10107 230  12  8
21679 2020  4 12 03 N 27670 E136623 10079 229  16  8
21679 2020  4 12 06 N 27744 E136616 10030 226  23  7
21679 2020  4 12 07 N 27768 E136620 10021 226  24  7
21679 2020  4 12 08 N 27790 E136624 10013 225  25  7
21679 2020  4 12 09 N 27810 E136631 10004 224  22  7
21679 2020  4 12 10 N 27827 E136648 10008 222  24  7
21679 2020  4 12 11 N 27839 E136677 10018 221  21  6
21679 2020  4 12 12 N 27847 E136711 10028 220  19  6
21679 2020  4 12 15 N 27847 E136788 10029 219  19  7
21679 2020  4 12 18 N 27838 E136831 10027 220  23  7
21679 2020  4 12 19 N 27834 E136842 10026 220  28  7
21679 2020  4 12 20 N 27831 E136850 10025 219  28  7
21679 2020  4 12 21 N 27829 E136854 10034 219  35  7
21679 2020  4 12 22 N 27830 E136852 10032 221  39  8
21679 2020  4 12 23 N 27830 E136849 10038 223  41  8
21679 2020  4 13 00 N 27831 E136849 10041 224  44  9
21679 2020  4 13 01 N 27836 E136854 10037 224  48  9
21679 2020  4 13 02 N 27841 E136862 10041 224  56  9
21679 2020  4 13 03 N 27845 E136874 10041 224  51  9
21679 2020  4 13 04 N 27847 E136893 10043 224  58 10
21679 2020  4 13 05 N 27848 E136911 10037 224  63 10
21679 2020  4 13 06 N 27848 E136930 10037 223  66 10
21679 2020  4 13 07 N 27846 E136949 10036 223  62 11
21679 2020  4 13 08 N 27845 E136968 10039 223  58 10
21679 2020  4 13 09 N 27847 E136984 10045 224  69 11
21679 2020  4 13 10 N 27848 E137000 10054 225  58 10
21679 2020  4 13 11 N 27852 E137016 10060 225  53 10
21679 2020  4 13 12 N 27857 E137034 10063 225  50 10
21679 2020  4 13 13 N 27857 E137054 10071 224  48  9
21679 2020  4 13 14 N 27860 E137077 10070 225  51 10
21679 2020  4 13 15 N 27861 E137104 10068 225  47 10
21679 2020  4 13 16 N 27858 E137133 10070 225  53 11
21679 2020  4 13 17 N 27853 E137159 10069 226  47 10
21679 2020  4 13 18 N 27843 E137180 10075 226  52  9
21679 2020  4 13 19 N 27833 E137196 10075 226  57 10
21679 2020  4 13 20 N 27822 E137210 10085 227  58 10
21679 2020  4 13 21 N 27810 E137223 10088 227  53 10
21679 2020  4 13 22 N 27802 E137232 10098 227  55 10
21679 2020  4 13 23 N 27796 E137240 10109 227  48 10
21679 2020  4 14 00 N 27791 E137248 10107 228  45 10
21679 2020  4 14 01 N 27783 E137259 10114 228  44 10
21679 2020  4 14 02 N 27775 E137269 10114 228  50 10
21679 2020  4 14 03 N 27765 E137277 10115 228  43 10
21679 2020  4 14 04 N 27755 E137283 10119 228  45 10
21679 2020  4 14 05 N 27746 E137288 10121 228  40  9
21679 2020  4 14 06 N 27741 E137288 10122 228  38  9
21679 2020  4 14 07 N 27738 E137287 10122 228  41  9
21679 2020  4 14 08 N 27735 E137284 10129 228  40  9
21679 2020  4 14 09 N 27733 E137280 10133 227  36  9
21679 2020  4 14 10 N 27734 E137276 10143 227  35  8
21679 2020  4 14 11 N 27734 E137274 10151 227  32  8
21679 2020  4 14 12 N 27733 E137273 10161 227  29  8
21679 2020  4 14 13 N 27731 E137276 10159 226  27  8
21679 2020  4 14 14 N 27728 E137281 10159 226  27  8
21679 2020  4 14 15 N 27725 E137285 10154 226  28  9
21679 2020  4 14 16 N 27719 E137287 10152 225  30  9
21679 2020  4 14 17 N 27711 E137289 10152 224  28  9
21679 2020  4 14 18 N 27703 E137289 10151 224  29 10
21679 2020  4 14 19 N 27703 E137294 10153 224  27  9
21679 2020  4 14 20 N 27701 E137295 10157 224  27  9
21679 2020  4 14 21 N 27700 E137294 10164 224  29 10
21679 2020  4 14 22 N 27700 E137289 10169 225  28  9
21679 2020  4 14 23 N 27700 E137285 10174 225  29  9
21679 2020  4 15 00 N 27700 E137280 10177 226  27 10
21679 2020  4 15 01 N 27702 E137274 10177 227  27  9
21679 2020  4 15 02 N 27704 E137269 10176 229  25  9
21679 2020  4 15 03 N 27705 E137267 10169 231  22  9
21679 2020  4 15 04 N 27708 E137263 10164 234  21  9
21679 2020  4 15 05 N 27710 E137259 10162 235  21  9
21679 2020  4 15 06 N 27715 E137255 10159 234  20  9
21679 2020  4 15 07 N 27720 E137250 10155 231  21  9
21679 2020  4 15 08 N 27725 E137245 10157 230  19  9
21679 2020  4 15 09 N 27732 E137242 10159 228  19  9
21679 2020  4 15 12 N 27756 E137238 10169 226  22 10
21679 2020  4 15 13 N 27762 E137241 10169 226  22 10
21679 2020  4 15 14 N 27768 E137246 10169 226  22 10
21679 2020  4 15 15 N 27772 E137252 10164 226  23 10
21679 2020  4 15 16 N 27775 E137259 10158 226  22 11
21679 2020  4 15 17 N 27776 E137266 10152 226  19 10
21679 2020  4 15 18 N 27777 E137271 10149 226  17 11
21679 2020  4 15 21 N 27779 E137276 10152 226  16 11
21679 2020  4 16 00 N 27783 E137267 10168 227  17 11
21679 2020  4 16 03 N 27801 E137267 10161 236  17 10
21679 2020  4 16 06 N 27826 E137292 10151 230  16 10
21679 2020  4 16 09 N 27841 E137308 10160 226  13 10
21679 2020  4 16 12 N 27851 E137321 10173 226  14 10
21679 2020  4 16 15 N 27860 E137350 10178 226  13 11
21679 2020  4 16 18 N 27854 E137372 10178 225  15 11
21679 2020  4 16 21 N 27850 E137389 10191 225  13 12
21679 2020  4 17 00 N 27857 E137394 10209 226  13 12
21679 2020  4 17 03 N 27880 E137401 10207 228  13 11
21679 2020  4 17 06 N 27911 E137409 10199 228  12 10
21679 2020  4 17 09 N 27945 E137421 10206 226  13 10
21679 2020  4 17 12 N 27968 E137446 10224 226  12  9
21679 2020  4 17 15 N 27992 E137459 10208 225  13  9
21679 2020  4 17 18 N 28022 E137459 10194 225  13  8
21679 2020  4 17 21 N 28048 E137466 10197 225  15  8
21679 2020  4 18 00 N 28076 E137490 10204 225  15  8
21679 2020  4 18 03 N 28108 E137531 10194 226  15  7
21679 2020  4 18 06 N 28123 E137589 10180 226  18  7
21679 2020  4 18 09 N 28125 E137643 10179 226  18  7
21679 2020  4 18 12 N 28140 E137687 10188 226  16  7
21679 2020  4 18 15 N 28162 E137736 10178 226  15  7
21679 2020  4 18 18 N 28181 E137780 10169 227  17  7
21679 2020  4 18 21 N 28194 E137816 10181 227  17  7
21679 2020  4 19 00 N 28205 E137854 10190 227  16  8
21679 2020  4 19 03 N 28213 E137905 10183 229  15  8
21679 2020  4 19 06 N 28219 E137954 10171 231  14  8
21679 2020  4 19 09 N 28218 E137999 10174 229  14  7
21679 2020  4 19 12 N 28227 E138038 10185 228  13  7
21679 2020  4 19 15 N 28249 E138076 10184 228  14  8
21679 2020  4 19 18 N 28275 E138111 10162 228  15  8
21679 2020  4 19 21 N 28307 E138142 10154 228  13  8
21679 2020  4 20 00 N 28345 E138196 10172 227  14  7
21679 2020  4 20 03 N 28385 E138264 10167 227  15  6
21679 2020  4 20 06 N 28429 E138317 10149 228  17  7
21679 2020  4 20 09 N 28464 E138363 10147 227  17  7
21679 2020  4 20 12 N 28482 E138418 10154 227  16  7
21679 2020  4 20 15 N 28498 E138475 10148 226  17  7
21679 2020  4 20 18 N 28511 E138521 10132 216  16  7
21679 2020  4 20 21 N 28509 E138550 10143 216  16  7
21679 2020  4 21 00 N 28500 E138609 10154 219  16  8
21679 2020  4 21 03 N 28499 E138659 10147 219  14  8
21679 2020  4 21 06 N 28496 E138705 10135 220  14  8
21679 2020  4 21 09 N 28506 E138764 10135 218  14  8
21679 2020  4 21 12 N 28515 E138848 10150 217  13  8
21679 2020  4 21 15 N 28514 E138924 10140 217  13  8
21679 2020  4 21 18 N 28519 E138998 10124 218  15  8
21679 2020  4 21 21 N 28515 E139075 10123 220  15  8
21679 2020  4 22 00 N 28518 E139139 10128 219  15  8
21679 2020  4 22 03 N 28516 E139203 10124 219  12  8
21679 2020  4 22 06 N 28506 E139262 10119 218  13  7
21679 2020  4 22 09 N 28486 E139317 10127 217  13  8
21679 2020  4 22 12 N 28467 E139351 10144 214  14  7
21679 2020  4 22 15 N 28470 E139394 10134 213  13  7
21679 2020  4 22 18 N 28467 E139447 10131 213  17  7
21679 2020  4 22 21 N 28457 E139478 10139 214  21  7
21679 2020  4 22 22 N 28456 E139482 10141 216  20  8
21679 2020  4 22 23 N 28456 E139486 10149 216  22  8
21679 2020  4 23 00 N 28459 E139493 10147 216  19  8
21679 2020  4 23 03 N 28465 E139525 10141 218  18  7
21679 2020  4 23 06 N 28455 E139565 10131 218  16  8
21679 2020  4 23 09 N 28431 E139581 10135 217  20  8
21679 2020  4 23 10 N 28424 E139578 10139 217  20  8
21679 2020  4 23 11 N 28420 E139576 10149 216  22  8
21679 2020  4 23 12 N 28421 E139576 10155 217  21  8
21679 2020  4 23 13 N 28422 E139581 10156 217  22  8
21679 2020  4 23 14 N 28425 E139593 10155 216  25  8
21679 2020  4 23 15 N 28430 E139609 10151 216  23  8
21679 2020  4 23 16 N 28434 E139624 10149 217  25  8
21679 2020  4 23 17 N 28435 E139639 10148 218  22  8
21679 2020  4 23 18 N 28436 E139652 10146 219  22  8
21679 2020  4 23 19 N 28435 E139661 10148 221  21  8
21679 2020  4 23 20 N 28432 E139670 10152 222  20  8
21679 2020  4 23 21 N 28429 E139675 10154 224  21  7
21679 2020  4 23 22 N 28425 E139677 10157 225  20  8
21679 2020  4 23 23 N 28422 E139677 10158 226  21  7
21679 2020  4 24 00 N 28423 E139672 10159 226  20  8
21679 2020  4 24 01 N 28430 E139667 10160 227  18  7
21679 2020  4 24 02 N 28439 E139664 10166 228  17  7
21679 2020  4 24 03 N 28445 E139661 10158 229  18  8
21679 2020  4 24 06 N 28460 E139665 10152 229  16  8
21679 2020  4 24 09 N 28453 E139673 10169 229  17  8
21679 2020  4 24 12 N 28438 E139668 10188 226  15  7
21679 2020  4 24 15 N 28429 E139669 10194 222  16  8
21679 2020  4 24 18 N 28415 E139692 10192 215  15  8
21679 2020  4 24 21 N 28401 E139712 10199 215  13  7
21679 2020  4 25 00 N 28385 E139717 10210 217  12  7
21679 2020  4 25 03 N 28369 E139719 10215 220  11  7
21679 2020  4 25 06 N 28361 E139733 10208 226  12  8
21679 2020  4 25 09 N 28370 E139749 10210 221  12  7
21679 2020  4 25 12 N 28387 E139757 10223 218  11  7
21679 2020  4 25 15 N 28399 E139779 10214 216  10  8
21679 2020  4 25 18 N 28403 E139801 10207 216  10  8
21679 2020  4 25 21 N 28405 E139816 10213 216  10  8
21679 2020  4 26 00 N 28401 E139820 10216 217  10  8
21679 2020  4 26 03 N 28413 E139826 10207 217  10  7
21679 2020  4 26 06 N 28429 E139850 10192 216   9  7
21679 2020  4 26 09 N 28430 E139874 10189 217   9  7
21679 2020  4 26 12 N 28408 E139898 10197 218   8  7
21679 2020  4 26 15 N 28370 E139939 10187 220   9  7
21679 2020  4 26 18 N 28330 E139978 10174 221  13  6
21679 2020  4 26 21 N 28295 E139987 10185 219  16  6
21679 2020  4 27 00 N 28298 E139987 10190 226  15  7
21679 2020  4 27 03 N 28318 E140011 10194 227  16  6
21679 2020  4 27 06 N 28315 E140063 10179 229  17  7
21679 2020  4 27 09 N 28308 E140089 10197 229  13  6
21679 2020  4 27 12 N 28320 E140090 10203 229  10  6
21679 2020  4 27 15 N 28359 E140123 10190 229  11  6
21679 2020  4 27 18 N 28392 E140190 10185 227  11  6
21679 2020  4 27 21 N 28404 E140236 10189 226  10  7
21679 2020  4 28 00 N 28422 E140286 10202 225   9  7
21679 2020  4 28 03 N 28443 E140351 10194 225  10  7
21679 2020  4 28 06 N 28455 E140404 10185 224  10  7
21679 2020  4 28 09 N 28472 E140439 10192 221   9  7
21679 2020  4 28 12 N 28487 E140447 10204 224   8  7
21679 2020  4 28 15 N 28526 E140457 10197 224   9  7
21679 2020  4 28 18 N 28539 E140477 10194 223  11  7
21679 2020  4 28 21 N 28516 E140471 10212 220  13  7
21679 2020  4 29 00 N 28505 E140461 10218 218  12  7
21679 2020  4 29 03 N 28493 E140442 10218 219  11  7
21679 2020  4 29 06 N 28469 E140426 10211 219  12  8
21679 2020  4 29 09 N 28443 E140422 10216 217  12  8
21679 2020  4 29 12 N 28414 E140445 10227 217  12  8
21679 2020  4 29 15 N 28383 E140483 10221 219  11  7
21679 2020  4 29 18 N 28335 E140518 10220 219  11  8
21679 2020  4 29 21 N 28289 E140541 10225 218  11  8
21679 2020  4 30 00 N 28244 E140566 10227 220  10  8
21679 2020  4 30 03 N 28200 E140593 10219 222  13  8
21679 2020  4 30 06 N 28161 E140615 10205 223  12  8
21679 2020  4 30 09 N 28115 E140639 10206 222  12  8
21679 2020  4 30 12 N 28067 E140653 10210 222  13  7
21679 2020  4 30 15 N 28014 E140661 10198 221  12  8
21679 2020  4 30 18 N 27955 E140672 10187 221  11  8
21679 2020  4 30 21 N 27893 E140669 10196 221  10  8
21679 2020  5  1 00 N 27840 E140674 10198 222  10  8
21679 2020  5  1 03 N 27767 E140684 10187 224  11  8
21679 2020  5  1 06 N 27681 E140672 10174 225  11  8
21679 2020  5  1 09 N 27600 E140633 10176 222  10  8
21679 2020  5  1 12 N 27540 E140589 10185 221  10  8
21679 2020  5  1 15 N 27482 E140543 10180 220  10  8
21679 2020  5  1 18 N 27441 E140502 10169 220   9  8
21679 2020  5  1 21 N 27409 E140463 10185 220   9  7
21679 2020  5  2 00 N 27367 E140410 10187 223   9  8
21679 2020  5  2 03 N 27345 E140344 10177 224   8  9
21679 2020  5  2 06 N 27343 E140297 10164 226   9  9
21679 2020  5  2 09 N 27339 E140267 10171 223  11  9
21679 2020  5  2 12 N 27326 E140241 10185 220  10  8
21679 2020  5  2 15 N 27304 E140209 10174 220  10  9
21679 2020  5  2 18 N 27270 E140160 10164 221   9  9
21679 2020  5  2 21 N 27244 E140107 10176 221  10  9
21679 2020  5  3 00 N 27231 E140057 10184 223  10  8
21679 2020  5  3 03 N 27225 E139999 10171 225  11  9
21679 2020  5  3 06 N 27236 E139930 10157 226  11  8
21679 2020  5  3 09 N 27258 E139875 10161 226  11  9
21679 2020  5  3 12 N 27287 E139857 10169 226  12  9
21679 2020  5  3 15 N 27294 E139856 10157 227  11  9
21679 2020  5  3 18 N 27277 E139838 10143 227  11  9
21679 2020  5  3 21 N 27258 E139799 10145 227  11  9
21679 2020  5  4 00 N 27252 E139769 10150 227  11  8
21679 2020  5  4 03 N 27263 E139740 10146 228  12  9
21679 2020  5  4 06 N 27274 E139717 10136 228  12  8
21679 2020  5  4 09 N 27272 E139703 10131 228  10  8
21679 2020  5  4 12 N 27265 E139703 10140 227  10  8
21679 2020  5  4 15 N 27249 E139705 10131 227  11  8
21679 2020  5  4 18 N 27231 E139690 10124 227  12  8
21679 2020  5  4 21 N 27208 E139668 10135 227  11  8
21679 2020  5  5 00 N 27182 E139647 10145 227  11  7
21679 2020  5  5 03 N 27165 E139650 10135 230  11  8
21679 2020  5  5 06 N 27139 E139643 10131 232  11  8
21679 2020  5  5 09 N 27122 E139616 10135 229  12  7
21679 2020  5  5 12 N 27120 E139587 10152 228  11  8
21679 2020  5  5 15 N 27122 E139569 10145 227   9  8
21679 2020  5  5 18 N 27131 E139551 10133 225  10  8
21679 2020  5  5 21 N 27143 E139532 10143 224  10  8
21679 2020  5  6 00 N 27156 E139515 10141 229  10  8
21679 2020  5  6 03 N 27174 E139508 10133 234   9  8
21679 2020  5  6 06 N 27185 E139507 10123 235   9  9
21679 2020  5  6 09 N 27189 E139481 10120 231   9  8
21679 2020  5  6 12 N 27189 E139433 10122 230   8  8
21679 2020  5  6 15 N 27208 E139374 10098 229   9  9
21679 2020  5  6 18 N 27246 E139327 10081 229   8  8
21679 2020  5  6 21 N 27279 E139316 10085 227   9  9
21679 2020  5  7 00 N 27299 E139316 10096 228   8  8
21679 2020  5  7 03 N 27304 E139296 10079 230   9  9
21679 2020  5  7 06 N 27317 E139279 10071 232  11  8
21679 2020  5  7 09 N 27329 E139270 10075 232  16  7
21679 2020  5  7 12 N 27312 E139238 10096 228  18  7
21679 2020  5  7 15 N 27276 E139141 10108 226  21  6
21679 2020  5  7 16 N 27272 E139095 10111 226  27  6
21679 2020  5  7 17 N 27275 E139047 10110 227  30  7
21679 2020  5  7 18 N 27282 E139000 10117 226  28  7
21679 2020  5  7 19 N 27289 E138956 10122 226  30  7
21679 2020  5  7 20 N 27298 E138916 10131 225  32  8
21679 2020  5  7 21 N 27308 E138883 10138 225  38  8
21679 2020  5  7 22 N 27312 E138857 10144 225  37  8
21679 2020  5  7 23 N 27315 E138832 10156 224  44  9
21679 2020  5  8 00 N 27320 E138809 10158 225  40  8
21679 2020  5  8 01 N 27327 E138784 10161 225  44  9
21679 2020  5  8 02 N 27333 E138759 10162 225  39  9
21679 2020  5  8 03 N 27339 E138732 10159 225  38  9
21679 2020  5  8 04 N 27348 E138705 10159 225  41  9
21679 2020  5  8 05 N 27356 E138678 10157 225  42  8
21679 2020  5  8 06 N 27366 E138649 10155 225  37  8
21679 2020  5  8 07 N 27377 E138621 10155 224  37  9
21679 2020  5  8 08 N 27388 E138599 10159 224  38  8
21679 2020  5  8 09 N 27396 E138583 10162 224  34  8
21679 2020  5  8 10 N 27407 E138570 10167 224  34  8
21679 2020  5  8 11 N 27417 E138558 10171 224  34  8
21679 2020  5  8 12 N 27428 E138549 10180 224  34  8
21679 2020  5  8 13 N 27436 E138541 10181 224  33  8
21679 2020  5  8 14 N 27442 E138534 10183 224  33  9
21679 2020  5  8 15 N 27445 E138528 10183 224  36  8
21679 2020  5  8 16 N 27448 E138520 10180 224  32  8
21679 2020  5  8 17 N 27451 E138510 10173 224  34  8
21679 2020  5  8 18 N 27454 E138497 10167 223  32  8
21679 2020  5  8 19 N 27457 E138479 10162 223  29  8
21679 2020  5  8 20 N 27460 E138458 10161 223  30  8
21679 2020  5  8 21 N 27467 E138440 10168 223  27  8
21679 2020  5  8 22 N 27476 E138423 10170 223  27  8
21679 2020  5  8 23 N 27486 E138406 10169 222  25  8
21679 2020  5  9 00 N 27495 E138390 10171 222  25  8
21679 2020  5  9 01 N 27503 E138376 10173 225  24  8
21679 2020  5  9 02 N 27503 E138355 10169 227  23  8
21679 2020  5  9 03 N 27503 E138334 10169 228  22  8
21679 2020  5  9 04 N 27504 E138313 10164 229  24  7
21679 2020  5  9 05 N 27506 E138294 10161 229  21  7
21679 2020  5  9 06 N 27508 E138275 10157 229  22  8
21679 2020  5  9 07 N 27511 E138257 10157 229  22  8
21679 2020  5  9 08 N 27516 E138239 10158 229  21  7
21679 2020  5  9 09 N 27522 E138224 10161 229  21  7
21679 2020  5  9 10 N 27528 E138208 10162 230  20  8
21679 2020  5  9 11 N 27538 E138193 10168 230  19  8
21679 2020  5  9 12 N 27549 E138178 10171 230  18  8
21679 2020  5  9 15 N 27585 E138153 10159 230  19  8
21679 2020  5  9 18 N 27615 E138149 10149 229  20  7
21679 2020  5  9 19 N 27623 E138148 10150 229  19  7
21679 2020  5  9 20 N 27632 E138146 10147 228  17  7
21679 2020  5  9 21 N 27641 E138143 10147 228  19  8
21679 2020  5 10 00 N 27682 E138136 10148 228  16  8
21679 2020  5 10 03 N 27729 E138150 10143 230  17  8
21679 2020  5 10 06 N 27763 E138182 10126 232  16  9
21679 2020  5 10 09 N 27789 E138203 10123 231  17  9
21679 2020  5 10 12 N 27809 E138192 10137 231  13  9
21679 2020  5 10 15 N 27841 E138186 10129 233  11  9
21679 2020  5 10 18 N 27864 E138206 10117 234  12  9
21679 2020  5 10 21 N 27879 E138224 10122 233  11  8
21679 2020  5 11 00 N 27901 E138226 10124 234  10  9
21679 2020  5 11 03 N 27934 E138250 10114 237  10  8
21679 2020  5 11 06 N 27964 E138295 10103 237  11  8
21679 2020  5 11 09 N 27981 E138337 10108 237  11  8
21679 2020  5 11 12 N 27995 E138353 10121 236   9  8
21679 2020  5 11 15 N 28024 E138377 10117 236   9  8
21679 2020  5 11 18 N 28042 E138435 10109 237  10  8
21679 2020  5 11 21 N 28043 E138496 10114 236  11  8
21679 2020  5 12 00 N 28045 E138545 10122 237  10  7
21679 2020  5 12 03 N 28052 E138597 10124 240  11  7
21679 2020  5 12 06 N 28056 E138638 10119 240  11  8
21679 2020  5 12 09 N 28059 E138652 10128 239  12  8
21679 2020  5 12 12 N 28082 E138675 10143 238   9  8
21679 2020  5 12 15 N 28115 E138730 10137 236  11  8
21679 2020  5 12 18 N 28131 E138797 10127 236  10  8
21679 2020  5 12 21 N 28129 E138852 10138 235   9  7
21679 2020  5 13 00 N 28119 E138901 10140 235  11  8
21679 2020  5 13 03 N 28103 E138951 10147 235  12  7
21679 2020  5 13 06 N 28086 E138993 10141 235  12  7
21679 2020  5 13 09 N 28069 E139019 10153 234  11  8
21679 2020  5 13 12 N 28054 E139046 10168 234  11  8
21679 2020  5 13 15 N 28034 E139067 10168 234  11  7
21679 2020  5 13 18 N 28021 E139075 10166 234  10  8
21679 2020  5 13 21 N 28013 E139082 10180 234  10  8
21679 2020  5 14 00 N 28015 E139089 10188 236  10  8
21679 2020  5 14 03 N 28005 E139104 10185 238  10  9
21679 2020  5 14 06 N 27984 E139113 10179 240   9  8
21679 2020  5 14 09 N 27960 E139102 10183 239  10  8
21679 2020  5 14 12 N 27948 E139086 10192 237   8  8
21679 2020  5 14 15 N 27933 E139066 10187 237  11  9
21679 2020  5 14 18 N 27928 E139040 10185 236  13  9
21679 2020  5 14 21 N 27923 E139014 10195 236  12  9
21679 2020  5 15 00 N 27946 E138980 10197 237  11  8
21679 2020  5 15 03 N 27969 E138975 10191 238  12  8
21679 2020  5 15 06 N 27984 E138981 10176 239  11  8
21679 2020  5 15 09 N 27979 E138987 10177 238  10  8
21679 2020  5 15 12 N 27972 E138987 10192 237   9  7
21679 2020  5 15 15 N 27969 E138978 10181 237   9  7
21679 2020  5 15 18 N 27977 E138972 10169 237  10  7
21679 2020  5 15 21 N 27979 E138962 10176 237   9  7
21679 2020  5 16 00 N 27999 E138943 10173 238  10  7
21679 2020  5 16 03 N 28036 E138930 10162 241  10  7
21679 2020  5 16 06 N 28078 E138935 10139 240  10  8
21679 2020  5 16 09 N 28108 E138954 10135 239  10  7
21679 2020  5 16 12 N 28126 E138976 10150 238   9  7
21679 2020  5 16 15 N 28134 E138997 10132 238   9  7
21679 2020  5 16 18 N 28150 E139010 10117 237   9  8
21679 2020  5 16 21 N 28164 E139036 10122 237   9  8
21679 2020  5 17 00 N 28171 E139058 10119 238   9  8
21679 2020  5 17 03 N 28187 E139080 10112 240   9  8
21679 2020  5 17 06 N 28202 E139112 10100 240   9  7
21679 2020  5 17 09 N 28202 E139140 10105 240  11  6
21679 2020  5 17 12 N 28207 E139160 10117 239  13  7
21679 2020  5 17 15 N 28222 E139171 10105 239  14  7
21679 2020  5 17 18 N 28236 E139186 10108 239  13  7
21679 2020  5 17 21 N 28237 E139200 10119 239  12  7
21679 2020  5 18 00 N 28248 E139212 10133 241  11  7
21679 2020  5 18 03 N 28268 E139236 10118 246  11  7
21679 2020  5 18 06 N 28300 E139257 10108 247  12  7
21679 2020  5 18 09 N 28330 E139287 10107 244   9  8
21679 2020  5 18 12 N 28360 E139307 10112 243   9  7
21679 2020  5 18 15 N 28395 E139334 10096 243   9  9
21679 2020  5 18 18 N 28433 E139367 10076 242  13  7
21679 2020  5 18 21 N 28467 E139404 10075 241  17  7
21679 2020  5 19 00 N 28522 E139452 10079 238  21  7
21679 2020  5 19 01 N 28534 E139480 10078 239  21  7
21679 2020  5 19 02 N 28540 E139512 10077 239  22  7
21679 2020  5 19 03 N 28541 E139543 10077 240  19  7
21679 2020  5 19 06 N 28534 E139634 10070 238  19  7
21679 2020  5 19 09 N 28499 E139700 10083 237  24  7
21679 2020  5 19 10 N 28486 E139716 10084 236  21  7
21679 2020  5 19 11 N 28474 E139730 10088 235  20  7
21679 2020  5 19 12 N 28463 E139745 10093 234  19  8
21679 2020  5 19 15 N 28428 E139787 10096 233  16  7
21679 2020  5 19 18 N 28397 E139814 10091 231  16  7
21679 2020  5 19 21 N 28375 E139825 10099 230  14  7
21679 2020  5 20 00 N 28364 E139845 10109 230  15  7
21679 2020  5 20 03 N 28323 E139887 10109 228  15  7
21679 2020  5 20 06 N 28284 E139901 10098 230  14  7
21679 2020  5 20 09 N 28270 E139901 10095 230  15  7
21679 2020  5 20 12 N 28261 E139935 10111 230  15  8
21679 2020  5 20 15 N 28206 E139980 10104 230  15  8
21679 2020  5 20 18 N 28124 E139984 10117 230  15  8
21679 2020  5 20 21 N 28065 E139946 10124 229  14  8
21679 2020  5 21 00 N 28042 E139922 10140 230  15  9
21679 2020  5 21 03 N 28029 E139934 10134 238  13  8
21679 2020  5 21 06 N 28016 E139937 10129 242  13  8
21679 2020  5 21 09 N 28001 E139930 10138 238  12  8
21679 2020  5 21 12 N 27983 E139937 10157 233  13  9
21679 2020  5 21 15 N 27947 E139959 10154 234  14  8
21679 2020  5 21 18 N 27893 E139949 10138 234  13  8
21679 2020  5 21 21 N 27854 E139907 10152 231  11  9
21679 2020  5 22 00 N 27812 E139863 10153 230  11  9
21679 2020  5 22 03 N 27775 E139830 10157 232  11  9
21679 2020  5 22 06 N 27749 E139797 10132 233  13  8
21679 2020  5 22 09 N 27734 E139741 10126 233  15  6
21679 2020  5 22 12 N 27748 E139696 10122 234  17  6
21679 2020  5 22 15 N 27787 E139695 10112 235  16  7
21679 2020  5 22 18 N 27822 E139744 10093 232  16  7
21679 2020  5 22 21 N 27824 E139790 10100 229  17  6
21679 2020  5 23 00 N 27798 E139816 10102 229  16  6
21679 2020  5 23 03 N 27763 E139841 10101 229  17  7
21679 2020  5 23 06 N 27732 E139865 10096 228  19  7
21679 2020  5 23 09 N 27676 E139887 10101 228  23  6
21679 2020  5 23 10 N 27653 E139895 10108 228  20  6
21679 2020  5 23 11 N 27631 E139902 10115 229  21  7
21679 2020  5 23 12 N 27614 E139905 10119 229  18  7
21679 2020  5 23 15 N 27570 E139915 10114 229  21  7
21679 2020  5 23 16 N 27559 E139920 10112 229  20  7
21679 2020  5 23 17 N 27548 E139926 10115 229  19  8
21679 2020  5 23 18 N 27538 E139932 10119 229  20  8
21679 2020  5 23 19 N 27525 E139940 10125 229  20  8
21679 2020  5 23 20 N 27510 E139948 10126 229  22  8
21679 2020  5 23 21 N 27492 E139954 10131 229  22  8
21679 2020  5 23 22 N 27474 E139956 10135 229  22  8
21679 2020  5 23 23 N 27458 E139959 10138 229  23  8
21679 2020  5 24 00 N 27445 E139960 10140 229  18  9
21679 2020  5 24 03 N 27427 E139959 10121 231  18  9
21679 2020  5 24 06 N 27421 E139968 10113 231  16  8
21679 2020  5 24 09 N 27407 E140005 10115 230  17  8
21679 2020  5 24 12 N 27369 E140037 10121 228  16  8
21679 2020  5 24 15 N 27333 E140059 10116 227  18  9
21679 2020  5 24 18 N 27304 E140082 10107 227  19  8
21679 2020  5 24 21 N 27280 E140109 10106 227  22  8
21679 2020  5 24 22 N 27276 E140116 10116 227  23  8
21679 2020  5 24 23 N 27271 E140128 10116 227  22  8
21679 2020  5 25 00 N 27268 E140135 10112 227  21  8
21679 2020  5 25 01 N 27263 E140153 10111 228  18  8
21679 2020  5 25 02 N 27259 E140176 10110 228  20  8
21679 2020  5 25 03 N 27255 E140202 10110 228  24  9
21679 2020  5 25 04 N 27252 E140230 10106 228  26  8
21679 2020  5 25 05 N 27251 E140261 10103 228  27  8
21679 2020  5 25 06 N 27249 E140292 10105 228  24  8
21679 2020  5 25 07 N 27246 E140319 10103 228  24  7
21679 2020  5 25 08 N 27241 E140343 10105 228  21  8
21679 2020  5 25 09 N 27231 E140362 10108 228  21  8
21679 2020  5 25 10 N 27220 E140370 10112 228  21  8
21679 2020  5 25 11 N 27208 E140371 10117 228  19  8
21679 2020  5 25 12 N 27199 E140369 10120 228  19  8
21679 2020  5 25 13 N 27195 E140370 10121 228  19  8
21679 2020  5 25 14 N 27196 E140375 10119 228  18  8
21679 2020  5 25 15 N 27199 E140382 10119 228  20  8
21679 2020  5 25 16 N 27205 E140393 10114 228  17  8
21679 2020  5 25 17 N 27211 E140410 10111 227  21  8
21679 2020  5 25 18 N 27209 E140425 10114 228  18  8
21679 2020  5 25 19 N 27200 E140431 10115 228  17  8
21679 2020  5 25 20 N 27193 E140423 10114 227  16  9
21679 2020  5 25 21 N 27190 E140408 10116 228  16  8
21679 2020  5 25 22 N 27192 E140390 10118 228  15  8
21679 2020  5 25 23 N 27202 E140377 10120 228  15  8
21679 2020  5 26 00 N 27220 E140374 10118 229  15  9
21679 2020  5 26 01 N 27243 E140379 10117 228  15  9
21679 2020  5 26 02 N 27266 E140396 10115 228  17  8
21679 2020  5 26 03 N 27283 E140419 10108 229  16  9
21679 2020  5 26 04 N 27293 E140446 10107 229  16  8
21679 2020  5 26 05 N 27296 E140476 10105 229  18  8
21679 2020  5 26 06 N 27293 E140504 10100 230  16  8
21679 2020  5 26 07 N 27289 E140525 10098 229  16  7
21679 2020  5 26 08 N 27283 E140543 10098 230  17  8
21679 2020  5 26 09 N 27281 E140558 10104 229  18  7
21679 2020  5 26 10 N 27277 E140573 10107 229  19  7
21679 2020  5 26 11 N 27271 E140585 10110 228  16  8
21679 2020  5 26 12 N 27265 E140596 10115 227  16  8
21679 2020  5 26 13 N 27256 E140609 10114 227  16  8
21679 2020  5 26 14 N 27243 E140622 10113 226  16  8
21679 2020  5 26 15 N 27229 E140629 10110 227  16  8
21679 2020  5 26 16 N 27214 E140628 10108 227  16  7
21679 2020  5 26 17 N 27198 E140622 10105 227  18  7
21679 2020  5 26 18 N 27185 E140607 10107 228  18  7
21679 2020  5 26 19 N 27177 E140589 10107 228  17  8
21679 2020  5 26 20 N 27172 E140570 10112 228  16  7
21679 2020  5 26 21 N 27173 E140552 10112 228  17  7
21679 2020  5 26 22 N 27180 E140537 10115 228  17  7
21679 2020  5 26 23 N 27197 E140528 10119 229  16  8
21679 2020  5 27 00 N 27218 E140529 10123 229  15  8
21679 2020  5 27 01 N 27234 E140540 10122 230  14  8
21679 2020  5 27 02 N 27245 E140562 10120 231  13  8
21679 2020  5 27 03 N 27250 E140591 10116 230  15  8
21679 2020  5 27 04 N 27251 E140620 10110 231  14  8
21679 2020  5 27 05 N 27251 E140644 10111 231  16  7
21679 2020  5 27 06 N 27251 E140664 10110 232  15  8
21679 2020  5 27 07 N 27248 E140681 10106 231  15  8
21679 2020  5 27 08 N 27245 E140695 10106 231  13  7
21679 2020  5 27 09 N 27247 E140712 10106 231  13  7
21679 2020  5 27 10 N 27249 E140729 10108 231  13  7
21679 2020  5 27 11 N 27249 E140749 10110 231  15  8
21679 2020  5 27 12 N 27245 E140773 10114 231  15  8
21679 2020  5 27 13 N 27238 E140795 10117 231  14  7
21679 2020  5 27 14 N 27226 E140816 10113 230  14  8
21679 2020  5 27 15 N 27215 E140835 10107 230  14  7
21679 2020  5 27 16 N 27200 E140848 10105 229  15  8
21679 2020  5 27 17 N 27187 E140856 10108 229  14  7
21679 2020  5 27 18 N 27174 E140859 10107 229  15  7
21679 2020  5 27 19 N 27165 E140859 10106 229  14  7
21679 2020  5 27 20 N 27159 E140860 10108 229  16  7
21679 2020  5 27 21 N 27158 E140862 10110 228  14  7
21679 2020  5 27 22 N 27159 E140859 10113 229  17  7
21679 2020  5 27 23 N 27167 E140855 10117 230  16  7
21679 2020  5 28 00 N 27181 E140853 10119 230  17  7
21679 2020  5 28 01 N 27198 E140857 10118 230  15  8
21679 2020  5 28 02 N 27214 E140868 10116 230  17  7
