21706 2020 10  1 00 N 27372 E124753 10124 268  21  7
21706 2020 10  1 01 N 27370 E124757 10132 268  17  7
21706 2020 10  1 02 N 27363 E124765 10131 269  15  7
21706 2020 10  1 03 N 27350 E124776 10131 269  17  7
21706 2020 10  1 04 N 27333 E124785 10123 268  16  7
21706 2020 10  1 06 N 27297 E124787 10108 268  16  7
21706 2020 10  1 09 N 27275 E124756 10108 267  17  7
21706 2020 10  1 12 N 27282 E124738 10128 268  14  7
21706 2020 10  1 15 N 27267 E124770 10131 268  13  7
21706 2020 10  1 18 N 27212 E124830 10123 269  12  7
21706 2020 10  1 21 N 27163 E124863 10123 269  14  7
21706 2020 10  2 00 N 27151 E124869 10135 270  13  7
21706 2020 10  2 03 N 27132 E124899 10137 271  12  8
21706 2020 10  2 06 N 27090 E124925 10120 270  11  8
21706 2020 10  2 09 N 27076 E124910 10123 269  11  7
21706 2020 10  2 12 N 27100 E124891 10139 268  10  7
21706 2020 10  2 15 N 27095 E124915 10144 267  10  7
21706 2020 10  2 18 N 27063 E124956 10136 267  11  7
21706 2020 10  2 21 N 27048 E124963 10132 267   9  7
21706 2020 10  3 00 N 27063 E124949 10137 268   9  8
21706 2020 10  3 03 N 27068 E124959 10134 271   8  7
21706 2020 10  3 06 N 27052 E124982 10119 272   8  6
21706 2020 10  3 09 N 27052 E124976 10120 271   8  6
21706 2020 10  3 12 N 27079 E124956 10132 269   8  7
21706 2020 10  3 15 N 27096 E124978 10137 269   8  7
21706 2020 10  3 18 N 27076 E125022 10122 268   7  7
21706 2020 10  3 21 N 27062 E125038 10118 268   7  7
21706 2020 10  4 00 N 27086 E125036 10122 270   7  7
21706 2020 10  4 03 N 27102 E125064 10112 283   7  7
21706 2020 10  4 06 N 27094 E125108 10096 285   6  6
21706 2020 10  4 09 N 27081 E125127 10099 278   7  7
21706 2020 10  4 12 N 27095 E125127 10120 273   6  7
21706 2020 10  4 15 N 27100 E125152 10118 272   5  7
21706 2020 10  4 18 N 27079 E125205 10113 271   7  8
21706 2020 10  4 21 N 27063 E125240 10110 271   9  7
21706 2020 10  5 00 N 27074 E125240 10121 271  20  8
21706 2020 10  5 01 N 27080 E125237 10125 272  20  8
21706 2020 10  5 02 N 27084 E125237 10127 271  20  8
21706 2020 10  5 03 N 27083 E125242 10128 271  23  8
21706 2020 10  5 04 N 27075 E125250 10123 271  25  7
21706 2020 10  5 05 N 27065 E125259 10121 271  31  8
21706 2020 10  5 06 N 27054 E125268 10116 270  33  8
21706 2020 10  5 07 N 27039 E125278 10122 271  31  8
21706 2020 10  5 08 N 27022 E125284 10129 275  31  9
21706 2020 10  5 09 N 27013 E125286 10134 275  35  8
21706 2020 10  5 10 N 27008 E125286 10136 275  34  8
21706 2020 10  5 11 N 27007 E125285 10145 276  32  8
21706 2020 10  5 12 N 27011 E125286 10152 277  30  7
21706 2020 10  5 13 N 27019 E125288 10154 278  29  8
21706 2020 10  5 14 N 27029 E125293 10158 278  34  8
21706 2020 10  5 15 N 27037 E125306 10158 278  32  8
21706 2020 10  5 16 N 27039 E125325 10155 278  29  8
21706 2020 10  5 17 N 27037 E125346 10155 278  31  8
21706 2020 10  5 18 N 27031 E125366 10153 278  29  8
21706 2020 10  5 19 N 27024 E125383 10150 279  35  8
21706 2020 10  5 20 N 27020 E125397 10149 279  33  8
21706 2020 10  5 21 N 27019 E125407 10151 279  31  8
21706 2020 10  5 22 N 27021 E125412 10156 279  34  8
21706 2020 10  5 23 N 27026 E125416 10163 279  30  8
21706 2020 10  6 00 N 27035 E125420 10167 279  29  7
21706 2020 10  6 01 N 27047 E125425 10170 279  30  8
21706 2020 10  6 02 N 27060 E125435 10171 278  31  8
21706 2020 10  6 03 N 27070 E125451 10168 278  31  8
21706 2020 10  6 04 N 27077 E125472 10162 278  29  8
21706 2020 10  6 05 N 27079 E125494 10158 278  29  7
21706 2020 10  6 06 N 27076 E125515 10152 279  27  8
21706 2020 10  6 07 N 27072 E125532 10151 279  26  8
21706 2020 10  6 08 N 27067 E125545 10151 279  29  7
21706 2020 10  6 09 N 27063 E125554 10150 278  25  7
21706 2020 10  6 10 N 27062 E125560 10156 277  27  8
21706 2020 10  6 11 N 27063 E125563 10160 277  24  7
21706 2020 10  6 12 N 27067 E125563 10163 277  25  7
21706 2020 10  6 13 N 27073 E125562 10167 277  24  7
21706 2020 10  6 14 N 27078 E125561 10169 276  23  7
21706 2020 10  6 15 N 27083 E125563 10163 276  25  7
21706 2020 10  6 16 N 27087 E125567 10164 276  25  7
21706 2020 10  6 17 N 27091 E125575 10160 276  25  7
21706 2020 10  6 18 N 27094 E125585 10155 276  25  7
21706 2020 10  6 19 N 27096 E125597 10151 276  25  7
21706 2020 10  6 20 N 27098 E125608 10153 276  23  7
21706 2020 10  6 21 N 27102 E125618 10153 276  25  7
21706 2020 10  6 22 N 27107 E125627 10153 277  25  7
21706 2020 10  6 23 N 27114 E125633 10158 278  24  7
21706 2020 10  7 00 N 27123 E125640 10161 277  24  7
21706 2020 10  7 01 N 27132 E125650 10160 277  25  7
21706 2020 10  7 02 N 27140 E125661 10159 277  25  7
21706 2020 10  7 03 N 27144 E125677 10154 277  23  7
21706 2020 10  7 04 N 27148 E125695 10144 278  24  7
21706 2020 10  7 05 N 27152 E125716 10141 280  25  7
21706 2020 10  7 06 N 27154 E125740 10133 280  26  7
21706 2020 10  7 07 N 27155 E125764 10132 280  27  7
21706 2020 10  7 08 N 27156 E125787 10134 280  26  7
21706 2020 10  7 09 N 27157 E125809 10136 280  26  7
21706 2020 10  7 10 N 27159 E125827 10134 280  25  7
21706 2020 10  7 11 N 27161 E125839 10136 279  26  7
21706 2020 10  7 12 N 27166 E125849 10137 279  34  7
21706 2020 10  7 13 N 27174 E125860 10137 280  30  7
21706 2020 10  7 14 N 27181 E125871 10135 280  33  8
21706 2020 10  7 15 N 27190 E125884 10130 279  31  7
21706 2020 10  7 16 N 27199 E125898 10129 279  31  8
21706 2020 10  7 17 N 27209 E125914 10127 279  30  8
21706 2020 10  7 18 N 27218 E125932 10121 279  33  8
21706 2020 10  7 19 N 27225 E125950 10116 279  37  9
21706 2020 10  7 20 N 27232 E125965 10118 279  36  9
21706 2020 10  7 21 N 27240 E125979 10122 279  37  8
21706 2020 10  7 22 N 27249 E125993 10126 278  40  9
21706 2020 10  7 23 N 27259 E126006 10129 279  46  9
21706 2020 10  8 00 N 27271 E126016 10132 280  47  9
21706 2020 10  8 01 N 27281 E126026 10136 280  50 10
21706 2020 10  8 02 N 27291 E126036 10136 280  49 10
21706 2020 10  8 03 N 27301 E126050 10134 279  47 10
21706 2020 10  8 04 N 27311 E126065 10134 279  53 11
21706 2020 10  8 05 N 27323 E126083 10123 279  61 11
21706 2020 10  8 06 N 27335 E126103 10118 279  58 11
21706 2020 10  8 07 N 27346 E126124 10120 279  54 10
21706 2020 10  8 08 N 27355 E126147 10118 278  60 11
21706 2020 10  8 09 N 27360 E126171 10125 278  57 11
21706 2020 10  8 10 N 27364 E126194 10129 279  61 12
21706 2020 10  8 11 N 27370 E126214 10133 278  50 11
21706 2020 10  8 12 N 27379 E126233 10137 278  58 11
21706 2020 10  8 13 N 27391 E126253 10141 278  65 12
21706 2020 10  8 14 N 27408 E126273 10139 278  59 11
21706 2020 10  8 15 N 27425 E126294 10141 278  57 12
21706 2020 10  8 16 N 27445 E126314 10139 278  60 11
21706 2020 10  8 17 N 27464 E126333 10139 278  60 12
21706 2020 10  8 18 N 27485 E126355 10139 278  67 12
21706 2020 10  8 19 N 27505 E126380 10134 278  55 12
21706 2020 10  8 20 N 27525 E126408 10134 277  62 12
21706 2020 10  8 21 N 27542 E126442 10133 278  59 12
21706 2020 10  8 22 N 27555 E126475 10136 278  60 13
21706 2020 10  8 23 N 27567 E126506 10143 278  55 11
21706 2020 10  9 00 N 27578 E126535 10146 279  58 12
21706 2020 10  9 01 N 27591 E126561 10148 279  53 11
21706 2020 10  9 02 N 27605 E126583 10145 279  54 11
21706 2020 10  9 03 N 27622 E126602 10139 279  60 12
21706 2020 10  9 04 N 27638 E126621 10132 280  60 12
21706 2020 10  9 05 N 27653 E126642 10127 280  60 12
21706 2020 10  9 06 N 27668 E126663 10127 280  56 12
21706 2020 10  9 07 N 27681 E126685 10131 280  53 12
21706 2020 10  9 08 N 27696 E126706 10131 280  50 11
21706 2020 10  9 09 N 27713 E126728 10132 280  51 11
21706 2020 10  9 10 N 27731 E126750 10137 280  52 11
21706 2020 10  9 11 N 27750 E126772 10138 280  49 11
21706 2020 10  9 12 N 27769 E126795 10141 279  47 11
21706 2020 10  9 13 N 27790 E126817 10142 279  46 11
21706 2020 10  9 14 N 27808 E126842 10142 280  48 11
21706 2020 10  9 15 N 27825 E126870 10140 280  49 11
21706 2020 10  9 16 N 27841 E126898 10138 281  41 12
21706 2020 10  9 17 N 27857 E126925 10135 280  38 10
21706 2020 10  9 18 N 27872 E126951 10131 280  41 11
21706 2020 10  9 19 N 27887 E126976 10129 280  45 11
21706 2020 10  9 20 N 27902 E127001 10129 280  43 10
21706 2020 10  9 21 N 27915 E127025 10133 280  42 11
21706 2020 10  9 22 N 27929 E127048 10136 280  39 10
21706 2020 10  9 23 N 27941 E127071 10141 280  38 11
21706 2020 10 10 00 N 27950 E127094 10145 280  44 10
21706 2020 10 10 01 N 27957 E127118 10144 280  43 11
21706 2020 10 10 02 N 27963 E127140 10144 281  39 10
21706 2020 10 10 03 N 27967 E127161 10138 281  35 10
21706 2020 10 10 04 N 27971 E127179 10131 281  34 10
21706 2020 10 10 05 N 27976 E127195 10127 281  34  9
21706 2020 10 10 06 N 27979 E127210 10125 281  34 10
21706 2020 10 10 07 N 27982 E127224 10125 281  32  9
21706 2020 10 10 08 N 27985 E127234 10126 280  31  9
21706 2020 10 10 09 N 27989 E127243 10127 280  30  9
21706 2020 10 10 10 N 27993 E127251 10132 280  25 10
21706 2020 10 10 11 N 27996 E127259 10137 280  28 11
21706 2020 10 10 12 N 28000 E127267 10142 280  27  9
21706 2020 10 10 13 N 28003 E127274 10142 280  24 10
21706 2020 10 10 14 N 28007 E127281 10141 280  26 10
21706 2020 10 10 15 N 28012 E127288 10136 280  28 10
21706 2020 10 10 16 N 28019 E127295 10134 280  26 11
21706 2020 10 10 17 N 28026 E127303 10130 280  25 10
21706 2020 10 10 18 N 28033 E127310 10127 279  25 10
21706 2020 10 10 19 N 28041 E127315 10123 279  28 10
21706 2020 10 10 20 N 28050 E127320 10124 280  26 10
21706 2020 10 10 21 N 28061 E127326 10127 279  24 10
21706 2020 10 10 22 N 28071 E127333 10134 280  24  9
21706 2020 10 10 23 N 28082 E127342 10137 279  24  9
21706 2020 10 11 00 N 28092 E127353 10141 280  24  9
21706 2020 10 11 01 N 28101 E127365 10139 280  25 10
21706 2020 10 11 02 N 28109 E127377 10137 280  24 10
21706 2020 10 11 03 N 28117 E127389 10134 281  23  8
21706 2020 10 11 04 N 28124 E127400 10127 281  26  9
21706 2020 10 11 05 N 28132 E127410 10120 281  26  9
21706 2020 10 11 06 N 28140 E127419 10118 280  24 10
21706 2020 10 11 07 N 28147 E127429 10114 280  25  9
21706 2020 10 11 08 N 28154 E127439 10116 280  22  9
21706 2020 10 11 09 N 28159 E127449 10121 280  22  8
21706 2020 10 11 10 N 28166 E127459 10125 279  22  9
21706 2020 10 11 11 N 28172 E127467 10130 279  20  9
21706 2020 10 11 12 N 28180 E127474 10134 279  19  9
21706 2020 10 11 15 N 28200 E127499 10135 279  20 10
21706 2020 10 11 16 N 28205 E127511 10134 279  19 11
21706 2020 10 11 17 N 28211 E127523 10129 279  18 10
21706 2020 10 11 18 N 28217 E127536 10126 279  20 10
21706 2020 10 11 19 N 28223 E127549 10125 279  17  9
21706 2020 10 11 20 N 28229 E127563 10127 279  19 10
21706 2020 10 11 21 N 28235 E127576 10132 279  19  9
21706 2020 10 12 00 N 28246 E127609 10148 279  17  9
21706 2020 10 12 03 N 28245 E127634 10144 280  16  9
21706 2020 10 12 06 N 28236 E127648 10129 280  16  9
21706 2020 10 12 09 N 28224 E127659 10139 279  16  9
21706 2020 10 12 12 N 28217 E127664 10153 278  14  8
21706 2020 10 12 15 N 28208 E127663 10155 277  15  9
21706 2020 10 12 18 N 28198 E127662 10153 277  13  8
21706 2020 10 12 21 N 28185 E127665 10157 276  13  8
21706 2020 10 13 00 N 28163 E127670 10171 276  12  8
21706 2020 10 13 03 N 28127 E127665 10167 275  13  9
21706 2020 10 13 06 N 28094 E127643 10158 271  12  8
21706 2020 10 13 09 N 28082 E127613 10164 269  15  8
21706 2020 10 13 12 N 28078 E127587 10179 268  16  7
21706 2020 10 13 15 N 28086 E127561 10179 268  15  7
21706 2020 10 13 18 N 28102 E127541 10173 268  14  8
21706 2020 10 13 21 N 28121 E127532 10177 268  15  7
21706 2020 10 14 00 N 28140 E127533 10195 269  15  8
21706 2020 10 14 03 N 28153 E127540 10191 270  16  7
21706 2020 10 14 06 N 28159 E127548 10173 270  15  7
21706 2020 10 14 09 N 28159 E127561 10177 269  14  7
21706 2020 10 14 12 N 28168 E127562 10195 269  13  7
21706 2020 10 14 15 N 28182 E127560 10192 268  13  7
21706 2020 10 14 18 N 28201 E127552 10187 268  14  7
21706 2020 10 14 21 N 28219 E127555 10186 266  16  7
21706 2020 10 15 00 N 28211 E127580 10198 267  15  7
21706 2020 10 15 03 N 28195 E127608 10195 268  15  8
21706 2020 10 15 06 N 28183 E127614 10179 268  18  8
21706 2020 10 15 09 N 28179 E127616 10182 267  18  8
21706 2020 10 15 12 N 28173 E127621 10195 266  18  8
21706 2020 10 15 15 N 28172 E127622 10193 266  16  7
21706 2020 10 15 18 N 28169 E127613 10182 266  15  8
21706 2020 10 15 21 N 28177 E127613 10180 266  14  7
21706 2020 10 16 00 N 28182 E127626 10189 267  14  7
21706 2020 10 16 03 N 28189 E127645 10182 269  13  7
21706 2020 10 16 06 N 28189 E127657 10163 271  12  7
21706 2020 10 16 09 N 28194 E127663 10158 270  12  8
21706 2020 10 16 12 N 28187 E127678 10172 268  12  8
21706 2020 10 16 15 N 28168 E127705 10177 267  12  7
21706 2020 10 16 18 N 28142 E127715 10164 266  12  8
21706 2020 10 16 21 N 28136 E127702 10162 266  11  8
21706 2020 10 17 00 N 28132 E127692 10173 267  11  8
21706 2020 10 17 03 N 28116 E127704 10170 267  11  8
21706 2020 10 17 06 N 28091 E127702 10160 266  20  8
21706 2020 10 17 07 N 28080 E127694 10162 266  25  8
21706 2020 10 17 08 N 28069 E127683 10164 266  27  8
21706 2020 10 17 09 N 28058 E127670 10169 266  29  8
21706 2020 10 17 10 N 28050 E127651 10169 266  35  8
21706 2020 10 17 11 N 28047 E127634 10176 267  28  8
21706 2020 10 17 12 N 28046 E127621 10182 267  27  8
21706 2020 10 17 13 N 28046 E127612 10184 268  26  8
21706 2020 10 17 14 N 28045 E127608 10183 269  28  8
21706 2020 10 17 15 N 28043 E127605 10184 269  27  8
21706 2020 10 17 16 N 28043 E127603 10181 269  23  8
21706 2020 10 17 17 N 28041 E127599 10179 269  23  8
21706 2020 10 17 18 N 28041 E127592 10176 269  21  8
21706 2020 10 17 19 N 28042 E127584 10176 269  22  8
21706 2020 10 17 20 N 28043 E127575 10178 269  21  8
21706 2020 10 17 21 N 28043 E127569 10179 268  21  7
21706 2020 10 17 22 N 28042 E127562 10176 268  21  8
21706 2020 10 17 23 N 28042 E127555 10179 268  21  7
21706 2020 10 18 00 N 28044 E127548 10184 269  21  8
21706 2020 10 18 01 N 28047 E127544 10189 269  20  8
21706 2020 10 18 02 N 28047 E127542 10188 269  20  8
21706 2020 10 18 03 N 28046 E127541 10186 269  20  8
21706 2020 10 18 04 N 28049 E127541 10179 270  21  8
21706 2020 10 18 05 N 28054 E127543 10176 270  19  8
21706 2020 10 18 06 N 28058 E127545 10170 270  20  8
21706 2020 10 18 07 N 28061 E127543 10175 270  19  8
21706 2020 10 18 08 N 28063 E127541 10171 269  18  7
21706 2020 10 18 09 N 28064 E127538 10177 269  20  7
21706 2020 10 18 10 N 28063 E127535 10179 269  19  8
21706 2020 10 18 11 N 28060 E127532 10179 269  21  7
21706 2020 10 18 12 N 28058 E127528 10190 269  20  7
21706 2020 10 18 13 N 28059 E127526 10191 268  19  7
21706 2020 10 18 14 N 28060 E127524 10188 268  18  8
21706 2020 10 18 15 N 28061 E127522 10184 268  18  7
21706 2020 10 18 18 N 28075 E127523 10175 268  19  8
21706 2020 10 18 21 N 28088 E127529 10178 268  18  7
21706 2020 10 19 00 N 28083 E127528 10187 268  17  8
21706 2020 10 19 03 N 28085 E127513 10179 268  16  7
21706 2020 10 19 06 N 28099 E127507 10166 269  18  7
21706 2020 10 19 09 N 28106 E127506 10175 267  21  7
21706 2020 10 19 10 N 28106 E127504 10182 267  20  7
21706 2020 10 19 11 N 28106 E127501 10186 267  21  7
21706 2020 10 19 12 N 28105 E127501 10191 267  22  7
21706 2020 10 19 13 N 28104 E127498 10192 267  22  7
21706 2020 10 19 14 N 28101 E127494 10193 266  20  7
21706 2020 10 19 15 N 28100 E127489 10188 265  20  7
21706 2020 10 19 16 N 28097 E127486 10188 264  21  8
21706 2020 10 19 17 N 28092 E127484 10185 265  18  8
21706 2020 10 19 18 N 28087 E127484 10184 265  19  7
21706 2020 10 19 21 N 28080 E127481 10181 264  19  8
21706 2020 10 20 00 N 28065 E127481 10195 265  19  8
21706 2020 10 20 03 N 28044 E127484 10182 266  20  7
21706 2020 10 20 04 N 28040 E127480 10176 266  18  8
21706 2020 10 20 05 N 28037 E127476 10172 265  18  7
21706 2020 10 20 06 N 28027 E127471 10167 269  20  8
21706 2020 10 20 07 N 28013 E127464 10171 270  18  8
21706 2020 10 20 08 N 28001 E127453 10171 271  17  8
21706 2020 10 20 09 N 27992 E127440 10169 271  20  8
21706 2020 10 20 10 N 27986 E127425 10170 272  21  7
21706 2020 10 20 11 N 27985 E127413 10174 273  24  8
21706 2020 10 20 12 N 27984 E127403 10177 273  22  8
21706 2020 10 20 13 N 27986 E127394 10174 273  22  8
21706 2020 10 20 14 N 27991 E127387 10173 273  22  8
21706 2020 10 20 15 N 27996 E127382 10172 273  25  8
21706 2020 10 20 16 N 28001 E127377 10165 273  25  8
21706 2020 10 20 17 N 28007 E127375 10163 273  23  8
21706 2020 10 20 18 N 28014 E127371 10165 273  24  8
21706 2020 10 20 19 N 28023 E127366 10162 273  24  7
21706 2020 10 20 20 N 28034 E127362 10162 273  21  7
21706 2020 10 20 21 N 28045 E127359 10163 272  23  7
21706 2020 10 20 22 N 28055 E127357 10163 272  21  7
21706 2020 10 20 23 N 28066 E127358 10167 272  21  7
21706 2020 10 21 00 N 28076 E127362 10165 273  21  7
21706 2020 10 21 01 N 28085 E127365 10164 273  20  7
21706 2020 10 21 02 N 28094 E127367 10162 273  20  7
21706 2020 10 21 03 N 28106 E127368 10154 272  20  8
21706 2020 10 21 04 N 28120 E127370 10148 272  19  7
21706 2020 10 21 05 N 28134 E127372 10139 272  19  7
21706 2020 10 21 06 N 28151 E127375 10130 272  18  7
21706 2020 10 21 09 N 28200 E127390 10129 272  20  7
21706 2020 10 21 10 N 28217 E127395 10130 272  19  8
21706 2020 10 21 11 N 28235 E127401 10129 272  18  8
21706 2020 10 21 12 N 28255 E127407 10128 272  18  8
21706 2020 10 21 15 N 28327 E127439 10121 272  21  7
21706 2020 10 21 16 N 28352 E127451 10116 272  19  7
21706 2020 10 21 17 N 28378 E127464 10112 272  19  8
21706 2020 10 21 18 N 28404 E127478 10107 272  17  8
21706 2020 10 21 21 N 28484 E127519 10097 272  18  8
21706 2020 10 22 00 N 28564 E127563 10109 271  20  7
21706 2020 10 22 01 N 28586 E127577 10109 269  24  7
21706 2020 10 22 02 N 28604 E127588 10104 269  23  7
21706 2020 10 22 03 N 28624 E127599 10097 270  23  7
21706 2020 10 22 04 N 28643 E127613 10087 270  22  7
21706 2020 10 22 05 N 28662 E127626 10079 270  23  8
21706 2020 10 22 06 N 28681 E127639 10080 270  21  8
21706 2020 10 22 07 N 28699 E127651 10077 270  21  8
21706 2020 10 22 08 N 28717 E127665 10076 270  20  7
21706 2020 10 22 09 N 28728 E127680 10077 269  24  7
21706 2020 10 22 10 N 28737 E127693 10082 269  33  7
21706 2020 10 22 11 N 28743 E127712 10089 269  36  8
21706 2020 10 22 12 N 28748 E127732 10096 269  41  8
21706 2020 10 22 13 N 28753 E127750 10102 269  43  9
21706 2020 10 22 14 N 28757 E127772 10101 270  41  8
21706 2020 10 22 15 N 28758 E127793 10102 270  42  8
21706 2020 10 22 16 N 28760 E127810 10096 270  42  8
21706 2020 10 22 17 N 28762 E127826 10096 270  37  8
21706 2020 10 22 18 N 28766 E127841 10099 270  38  8
21706 2020 10 22 19 N 28771 E127856 10097 270  36  8
21706 2020 10 22 20 N 28777 E127872 10102 270  33  8
21706 2020 10 22 21 N 28782 E127889 10108 270  33  8
21706 2020 10 22 22 N 28788 E127904 10115 270  34  8
21706 2020 10 22 23 N 28792 E127919 10125 270  36  8
21706 2020 10 23 00 N 28798 E127934 10132 270  34  8
21706 2020 10 23 01 N 28802 E127950 10139 269  43  8
21706 2020 10 23 02 N 28806 E127970 10135 269  41  8
21706 2020 10 23 03 N 28810 E127990 10136 269  40  9
21706 2020 10 23 04 N 28812 E128009 10137 269  43  8
21706 2020 10 23 05 N 28814 E128027 10132 269  39  9
21706 2020 10 23 06 N 28813 E128048 10132 268  38  9
21706 2020 10 23 07 N 28809 E128067 10135 268  35  8
21706 2020 10 23 08 N 28804 E128085 10140 268  38  9
21706 2020 10 23 09 N 28799 E128099 10148 267  36  8
21706 2020 10 23 10 N 28795 E128112 10156 267  34  8
21706 2020 10 23 11 N 28791 E128128 10157 267  36  9
21706 2020 10 23 12 N 28786 E128140 10161 267  33  9
21706 2020 10 23 13 N 28782 E128153 10166 266  31  8
21706 2020 10 23 14 N 28778 E128160 10164 266  32  9
21706 2020 10 23 15 N 28774 E128168 10163 266  32  8
21706 2020 10 23 16 N 28769 E128177 10163 266  30  8
21706 2020 10 23 17 N 28764 E128191 10166 265  30  8
21706 2020 10 23 18 N 28756 E128203 10166 266  29  8
21706 2020 10 23 19 N 28746 E128211 10169 265  25  8
21706 2020 10 23 20 N 28737 E128218 10172 265  26  9
21706 2020 10 23 21 N 28726 E128224 10179 265  24  8
21706 2020 10 23 22 N 28714 E128229 10187 264  26  8
21706 2020 10 23 23 N 28700 E128235 10193 263  24  8
21706 2020 10 24 00 N 28687 E128238 10198 262  23  8
21706 2020 10 24 02 N 28668 E128241 10193 263  22  8
21706 2020 10 24 03 N 28657 E128240 10187 263  24  8
21706 2020 10 24 04 N 28647 E128236 10181 262  23  8
21706 2020 10 24 05 N 28637 E128234 10179 261  23  8
21706 2020 10 24 06 N 28626 E128228 10179 261  24  8
21706 2020 10 24 07 N 28617 E128224 10176 261  25  7
21706 2020 10 24 08 N 28606 E128219 10179 261  23  8
21706 2020 10 24 09 N 28597 E128214 10182 260  23  8
21706 2020 10 24 10 N 28588 E128206 10188 260  22  8
21706 2020 10 24 11 N 28583 E128200 10192 260  22  8
21706 2020 10 24 12 N 28577 E128196 10191 260  23  8
21706 2020 10 24 13 N 28573 E128194 10197 260  22  8
21706 2020 10 24 14 N 28569 E128190 10197 260  22  8
21706 2020 10 24 15 N 28565 E128184 10198 260  21  8
21706 2020 10 24 16 N 28563 E128178 10197 260  23  8
21706 2020 10 24 17 N 28562 E128171 10197 260  21  8
21706 2020 10 24 18 N 28564 E128165 10195 259  19  8
21706 2020 10 24 21 N 28577 E128153 10199 259  19  7
21706 2020 10 25 00 N 28588 E128167 10209 260  17  8
21706 2020 10 25 03 N 28589 E128179 10199 262  15  7
21706 2020 10 25 06 N 28585 E128184 10185 262  16  7
21706 2020 10 25 09 N 28585 E128183 10187 261  14  8
21706 2020 10 25 12 N 28586 E128188 10191 261  14  8
21706 2020 10 25 15 N 28598 E128188 10188 261  14  7
21706 2020 10 25 18 N 28617 E128184 10177 262  12  7
21706 2020 10 25 21 N 28632 E128188 10180 262  11  7
21706 2020 10 26 00 N 28645 E128200 10195 262   9  6
21706 2020 10 26 03 N 28655 E128217 10186 263   8  7
21706 2020 10 26 06 N 28664 E128214 10163 263   7  6
21706 2020 10 26 09 N 28678 E128207 10170 261   7  7
21706 2020 10 26 12 N 28694 E128199 10181 260   6  7
21706 2020 10 26 15 N 28715 E128193 10177 260   6  7
21706 2020 10 26 18 N 28742 E128182 10172 258   6  7
21706 2020 10 26 21 N 28767 E128178 10175 257   5  8
21706 2020 10 27 00 N 28780 E128190 10196 257   6  8
21706 2020 10 27 03 N 28766 E128210 10190 258   5  8
21706 2020 10 27 06 N 28729 E128231 10175 260   6  9
21706 2020 10 27 09 N 28692 E128239 10179 260   7  9
21706 2020 10 27 12 N 28665 E128246 10189 260   8 10
21706 2020 10 27 15 N 28645 E128258 10195 259   8 10
21706 2020 10 27 18 N 28628 E128274 10190 259   7  9
21706 2020 10 27 21 N 28610 E128282 10191 259   6  8
21706 2020 10 28 00 N 28595 E128287 10207 260   6  9
21706 2020 10 28 03 N 28573 E128288 10200 261   6  9
21706 2020 10 28 06 N 28552 E128279 10186 261   6  8
21706 2020 10 28 09 N 28540 E128257 10192 260   7  8
21706 2020 10 28 12 N 28532 E128224 10203 259   7  7
21706 2020 10 28 15 N 28536 E128198 10200 258   7  7
21706 2020 10 28 18 N 28545 E128184 10193 258   7  7
21706 2020 10 28 21 N 28550 E128168 10196 258   7  8
21706 2020 10 29 00 N 28556 E128153 10208 259   7  9
21706 2020 10 29 03 N 28563 E128151 10199 260   7  7
21706 2020 10 29 06 N 28573 E128157 10183 260   7  7
21706 2020 10 29 09 N 28576 E128159 10185 259   7  7
21706 2020 10 29 12 N 28575 E128148 10191 259  10  6
21706 2020 10 29 15 N 28572 E128150 10189 258  12  7
21706 2020 10 29 18 N 28574 E128162 10184 258  14  7
21706 2020 10 29 21 N 28576 E128179 10186 258  15  7
21706 2020 10 30 00 N 28577 E128191 10198 258  16  7
21706 2020 10 30 03 N 28569 E128216 10195 258  16  7
21706 2020 10 30 06 N 28556 E128249 10181 259  14  6
21706 2020 10 30 09 N 28535 E128272 10183 259  16  7
21706 2020 10 30 12 N 28516 E128278 10196 259  15  6
21706 2020 10 30 15 N 28495 E128264 10196 259  21  7
21706 2020 10 30 16 N 28493 E128261 10195 260  19  7
21706 2020 10 30 17 N 28492 E128261 10193 261  21  7
21706 2020 10 30 18 N 28491 E128261 10189 261  21  7
21706 2020 10 30 19 N 28490 E128261 10188 261  20  7
21706 2020 10 30 20 N 28491 E128255 10190 261  19  7
21706 2020 10 30 21 N 28493 E128246 10195 261  19  7
21706 2020 10 31 00 N 28500 E128216 10203 261  25  8
21706 2020 10 31 01 N 28503 E128205 10207 262  24  8
21706 2020 10 31 02 N 28507 E128196 10206 262  24  7
21706 2020 10 31 03 N 28511 E128190 10201 262  24  7
21706 2020 10 31 04 N 28512 E128188 10196 262  23  8
21706 2020 10 31 05 N 28512 E128186 10193 262  22  8
21706 2020 10 31 06 N 28510 E128183 10189 261  23  7
21706 2020 10 31 07 N 28507 E128179 10191 261  25  8
21706 2020 10 31 08 N 28503 E128174 10197 260  27  8
21706 2020 10 31 09 N 28501 E128168 10198 259  24  8
21706 2020 10 31 10 N 28500 E128160 10204 258  27  8
21706 2020 10 31 11 N 28499 E128148 10207 258  24  8
21706 2020 10 31 12 N 28498 E128136 10212 258  24  7
21706 2020 10 31 13 N 28497 E128124 10211 257  23  8
21706 2020 10 31 14 N 28498 E128115 10210 257  20  7
21706 2020 10 31 15 N 28499 E128110 10209 257  21  8
21706 2020 10 31 16 N 28499 E128105 10204 256  17  8
21706 2020 10 31 17 N 28500 E128101 10206 256  17  8
21706 2020 10 31 18 N 28501 E128095 10204 255  16  7
21706 2020 10 31 21 N 28498 E128080 10200 255  13  7
21706 2020 11  1 00 N 28486 E128063 10208 256  12  8
21706 2020 11  1 03 N 28460 E128039 10195 259  11  8
21706 2020 11  1 06 N 28429 E128007 10172 261  11  8
21706 2020 11  1 09 N 28406 E127960 10177 261  15  9
21706 2020 11  1 12 N 28386 E127932 10184 261  13  9
21706 2020 11  1 15 N 28384 E127903 10177 261  12  9
21706 2020 11  1 18 N 28399 E127871 10173 261  13  9
21706 2020 11  1 21 N 28431 E127837 10166 260  12  9
21706 2020 11  2 00 N 28473 E127817 10172 260  11  8
21706 2020 11  2 06 N 28535 E127819 10148 260  14  8
21706 2020 11  2 09 N 28553 E127811 10148 258  14  7
21706 2020 11  2 12 N 28569 E127791 10156 256  19  7
21706 2020 11  2 15 N 28589 E127785 10157 255  24  7
21706 2020 11  2 16 N 28590 E127790 10152 254  22  7
21706 2020 11  2 17 N 28591 E127800 10153 255  23  7
21706 2020 11  2 18 N 28592 E127810 10147 255  24  7
21706 2020 11  2 19 N 28594 E127819 10145 255  27  7
21706 2020 11  2 20 N 28592 E127827 10151 255  27  7
21706 2020 11  2 21 N 28591 E127834 10153 255  28  7
21706 2020 11  2 22 N 28590 E127839 10163 254  28  7
21706 2020 11  2 23 N 28588 E127843 10170 254  29  7
21706 2020 11  3 00 N 28585 E127847 10170 254  29  7
21706 2020 11  3 01 N 28582 E127853 10172 255  33  7
21706 2020 11  3 02 N 28579 E127861 10175 255  32  8
21706 2020 11  3 03 N 28574 E127868 10172 255  30  7
21706 2020 11  3 04 N 28568 E127875 10171 255  32  8
21706 2020 11  3 05 N 28563 E127883 10168 256  30  8
21706 2020 11  3 06 N 28560 E127889 10170 256  33  8
21706 2020 11  3 07 N 28557 E127895 10176 256  29  8
21706 2020 11  3 08 N 28556 E127901 10177 256  29  8
21706 2020 11  3 09 N 28555 E127904 10181 256  30  8
21706 2020 11  3 10 N 28554 E127906 10184 256  33  8
21706 2020 11  3 11 N 28550 E127910 10187 256  33  8
21706 2020 11  3 12 N 28547 E127916 10195 255  39  8
21706 2020 11  3 13 N 28544 E127922 10201 255  34  8
21706 2020 11  3 14 N 28539 E127930 10202 255  33  8
21706 2020 11  3 15 N 28533 E127938 10202 255  32  7
21706 2020 11  3 16 N 28527 E127946 10195 255  38  8
21706 2020 11  3 17 N 28520 E127951 10194 255  34  8
21706 2020 11  3 18 N 28513 E127955 10196 255  32  8
21706 2020 11  3 19 N 28506 E127957 10196 255  30  8
21706 2020 11  3 20 N 28498 E127958 10195 255  35  8
21706 2020 11  3 21 N 28492 E127956 10202 254  31  8
21706 2020 11  3 22 N 28488 E127952 10207 255  33  9
21706 2020 11  3 23 N 28485 E127949 10210 255  31  8
21706 2020 11  4 00 N 28481 E127949 10219 255  29  8
21706 2020 11  4 02 N 28474 E127946 10218 256  34  8
21706 2020 11  4 03 N 28473 E127944 10217 257  31  8
21706 2020 11  4 04 N 28477 E127939 10203 257  33  8
21706 2020 11  4 05 N 28481 E127936 10197 257  28  8
21706 2020 11  4 06 N 28483 E127934 10200 257  28  8
21706 2020 11  4 07 N 28486 E127932 10198 256  28  8
21706 2020 11  4 08 N 28488 E127930 10207 256  25  7
21706 2020 11  4 09 N 28489 E127925 10205 255  25  8
21706 2020 11  4 10 N 28491 E127918 10214 255  23  7
21706 2020 11  4 11 N 28498 E127911 10218 255  24  7
21706 2020 11  4 12 N 28506 E127905 10219 255  24  7
21706 2020 11  4 13 N 28515 E127900 10220 255  23  7
21706 2020 11  4 14 N 28522 E127900 10221 255  25  7
21706 2020 11  4 15 N 28529 E127901 10219 255  22  7
21706 2020 11  4 16 N 28535 E127905 10218 255  20  7
21706 2020 11  4 17 N 28542 E127906 10214 255  21  7
21706 2020 11  4 18 N 28548 E127907 10216 255  19  7
21706 2020 11  4 21 N 28560 E127902 10220 255  19  7
21706 2020 11  5 00 N 28578 E127881 10232 255  17  7
21706 2020 11  5 03 N 28594 E127860 10219 256  20  7
21706 2020 11  5 04 N 28601 E127853 10213 255  20  7
21706 2020 11  5 05 N 28609 E127844 10209 255  19  7
21706 2020 11  5 06 N 28620 E127835 10212 255  19  7
21706 2020 11  5 09 N 28657 E127823 10217 252  19  7
21706 2020 11  5 12 N 28703 E127823 10226 252  21  7
21706 2020 11  5 13 N 28715 E127824 10221 254  20  7
21706 2020 11  5 14 N 28723 E127828 10220 256  22  7
21706 2020 11  5 15 N 28732 E127831 10218 258  21  7
21706 2020 11  5 16 N 28744 E127833 10213 258  24  7
21706 2020 11  5 17 N 28757 E127837 10213 258  23  7
21706 2020 11  5 18 N 28772 E127841 10206 258  23  7
21706 2020 11  5 19 N 28790 E127842 10201 258  22  8
21706 2020 11  5 20 N 28811 E127846 10198 257  22  7
21706 2020 11  5 21 N 28830 E127853 10200 258  22  7
21706 2020 11  5 22 N 28849 E127863 10202 258  21  7
21706 2020 11  5 23 N 28866 E127874 10203 259  19  7
21706 2020 11  6 00 N 28883 E127887 10206 259  19  7
21706 2020 11  6 03 N 28935 E127931 10192 260  18  7
21706 2020 11  6 06 N 28992 E127970 10172 260  18  7
21706 2020 11  6 09 N 29062 E128007 10173 261  16  7
21706 2020 11  6 12 N 29134 E128055 10184 261  14  7
21706 2020 11  6 15 N 29215 E128137 10181 261  13  7
21706 2020 11  6 18 N 29283 E128220 10175 261  13  7
21706 2020 11  6 21 N 29343 E128301 10179 261  11  7
21706 2020 11  7 00 N 29396 E128389 10189 262  10  7
21706 2020 11  7 03 N 29420 E128473 10179 263  10  7
21706 2020 11  7 06 N 29429 E128547 10170 262   9  7
21706 2020 11  7 09 N 29435 E128604 10183 261  11  7
21706 2020 11  7 12 N 29448 E128655 10198 261  13  7
21706 2020 11  7 15 N 29457 E128716 10189 261  13  7
21706 2020 11  7 18 N 29466 E128775 10183 260  13  6
21706 2020 11  7 21 N 29471 E128831 10189 259  15  6
21706 2020 11  8 00 N 29469 E128898 10201 259  12  6
21706 2020 11  8 03 N 29455 E128954 10198 258  13  6
21706 2020 11  8 06 N 29438 E128988 10191 258  14  6
21706 2020 11  8 09 N 29416 E129030 10203 257  17  6
21706 2020 11  8 12 N 29384 E129074 10206 257  18  7
21706 2020 11  8 15 N 29345 E129096 10203 255  20  7
21706 2020 11  8 16 N 29331 E129100 10202 255  18  7
21706 2020 11  8 17 N 29320 E129105 10202 254  22  7
21706 2020 11  8 18 N 29308 E129109 10202 254  22  7
21706 2020 11  8 19 N 29296 E129114 10200 253  24  7
21706 2020 11  8 20 N 29284 E129122 10200 252  24  7
21706 2020 11  8 21 N 29271 E129134 10201 252  29  8
21706 2020 11  8 23 N 29240 E129158 10208 251  28  8
21706 2020 11  9 00 N 29223 E129166 10218 251  27  7
21706 2020 11  9 01 N 29206 E129170 10216 252  28  7
21706 2020 11  9 02 N 29192 E129171 10215 252  28  8
21706 2020 11  9 03 N 29180 E129169 10209 252  27  8
21706 2020 11  9 04 N 29169 E129167 10206 252  28  8
21706 2020 11  9 05 N 29157 E129164 10198 250  29  9
21706 2020 11  9 06 N 29149 E129156 10200 251  28  7
21706 2020 11  9 07 N 29132 E129150 10203 250  26  8
21706 2020 11  9 08 N 29118 E129158 10210 251  24  8
21706 2020 11  9 09 N 29104 E129162 10217 250  23  8
21706 2020 11  9 10 N 29092 E129163 10220 250  21  8
21706 2020 11  9 11 N 29081 E129163 10224 250  22  8
21706 2020 11  9 12 N 29070 E129164 10228 250  25  8
21706 2020 11  9 13 N 29061 E129165 10228 250  22  8
21706 2020 11  9 14 N 29053 E129164 10228 249  20  8
21706 2020 11  9 15 N 29046 E129166 10228 249  19  8
21706 2020 11  9 16 N 29035 E129170 10223 249  21  8
21706 2020 11  9 17 N 29022 E129176 10222 249  21  8
21706 2020 11  9 18 N 29009 E129182 10219 249  19  8
21706 2020 11  9 19 N 28995 E129190 10217 249  20  8
21706 2020 11  9 20 N 28980 E129198 10220 249  19  8
21706 2020 11  9 21 N 28965 E129204 10220 249  19  8
21706 2020 11  9 22 N 28951 E129210 10231 249  19  8
21706 2020 11  9 23 N 28935 E129219 10238 249  18  8
21706 2020 11 10 00 N 28920 E129223 10245 249  17  7
21706 2020 11 10 01 N 28904 E129226 10245 249  17  7
21706 2020 11 10 02 N 28886 E129228 10243 249  16  7
21706 2020 11 10 03 N 28869 E129228 10236 250  16  7
21706 2020 11 10 04 N 28850 E129226 10230 250  17  7
21706 2020 11 10 05 N 28833 E129221 10228 250  17  7
21706 2020 11 10 06 N 28816 E129215 10229 249  16  7
21706 2020 11 10 07 N 28800 E129207 10233 249  15  7
21706 2020 11 10 08 N 28787 E129199 10235 249  16  7
21706 2020 11 10 09 N 28777 E129193 10240 249  16  7
21706 2020 11 10 10 N 28768 E129188 10244 248  16  7
21706 2020 11 10 12 N 28754 E129183 10252 248  16  7
21706 2020 11 10 13 N 28747 E129182 10250 248  15  7
21706 2020 11 10 14 N 28740 E129183 10248 247  17  7
21706 2020 11 10 15 N 28732 E129182 10245 247  17  7
21706 2020 11 10 16 N 28724 E129181 10246 247  16  7
21706 2020 11 10 17 N 28716 E129177 10248 248  16  7
21706 2020 11 10 18 N 28708 E129171 10246 248  16  7
21706 2020 11 10 19 N 28698 E129166 10243 248  15  7
21706 2020 11 10 20 N 28690 E129165 10245 248  17  7
21706 2020 11 10 21 N 28684 E129170 10249 248  16  6
21706 2020 11 10 22 N 28680 E129175 10256 249  18  7
21706 2020 11 10 23 N 28678 E129180 10262 249  17  6
21706 2020 11 11 00 N 28673 E129183 10266 249  15  7
21706 2020 11 11 01 N 28666 E129183 10273 249  14  7
21706 2020 11 11 02 N 28660 E129181 10270 249  13  6
21706 2020 11 11 03 N 28653 E129177 10266 249  14  6
21706 2020 11 11 04 N 28646 E129170 10259 248  13  7
21706 2020 11 11 05 N 28639 E129162 10254 248  13  6
21706 2020 11 11 06 N 28633 E129155 10254 248  14  7
21706 2020 11 11 07 N 28629 E129148 10255 248  13  6
21706 2020 11 11 08 N 28628 E129140 10256 248  13  6
21706 2020 11 11 09 N 28626 E129135 10262 247  12  6
21706 2020 11 11 10 N 28621 E129136 10266 248  13  7
21706 2020 11 11 11 N 28615 E129141 10272 248  13  6
21706 2020 11 11 12 N 28607 E129146 10273 249  12  7
21706 2020 11 11 13 N 28599 E129148 10269 249  12  7
21706 2020 11 11 14 N 28589 E129150 10268 250  11  6
21706 2020 11 11 15 N 28578 E129150 10265 250  11  7
21706 2020 11 11 16 N 28566 E129149 10260 249  10  7
21706 2020 11 11 17 N 28558 E129144 10256 249  11  6
21706 2020 11 11 18 N 28552 E129136 10254 249  11  7
21706 2020 11 11 19 N 28551 E129129 10251 249  11  6
21706 2020 11 11 20 N 28553 E129127 10247 249  11  7
21706 2020 11 11 21 N 28556 E129128 10245 249  12  7
21706 2020 11 11 22 N 28558 E129132 10248 249  13  6
21706 2020 11 11 23 N 28557 E129138 10252 249  14  7
21706 2020 11 12 00 N 28548 E129150 10256 250  16  6
21706 2020 11 12 01 N 28536 E129162 10256 251  16  7
21706 2020 11 12 02 N 28523 E129169 10249 251  18  7
21706 2020 11 12 03 N 28508 E129170 10243 252  21  7
21706 2020 11 12 04 N 28492 E129166 10236 253  18  7
21706 2020 11 12 05 N 28482 E129156 10231 253  19  7
21706 2020 11 12 06 N 28475 E129142 10233 253  19  7
21706 2020 11 12 07 N 28473 E129127 10233 253  18  7
21706 2020 11 12 08 N 28475 E129115 10234 253  19  7
21706 2020 11 12 09 N 28479 E129107 10238 253  19  8
21706 2020 11 12 10 N 28483 E129105 10239 253  20  7
21706 2020 11 12 11 N 28487 E129107 10243 253  20  7
21706 2020 11 12 12 N 28488 E129112 10246 253  20  7
21706 2020 11 12 13 N 28486 E129118 10242 253  19  7
21706 2020 11 12 14 N 28479 E129124 10241 253  18  7
21706 2020 11 12 15 N 28471 E129125 10238 253  16  7
21706 2020 11 12 16 N 28464 E129119 10232 252  16  7
21706 2020 11 12 17 N 28458 E129111 10231 252  16  7
21706 2020 11 12 18 N 28456 E129099 10224 252  16  7
21706 2020 11 12 19 N 28457 E129086 10221 252  17  7
21706 2020 11 12 20 N 28458 E129071 10219 251  15  7
21706 2020 11 12 21 N 28453 E129059 10222 250  13  7
21706 2020 11 12 22 N 28441 E129053 10228 250  13  8
21706 2020 11 12 23 N 28429 E129054 10235 250  14  7
21706 2020 11 13 00 N 28420 E129063 10238 251  17  8
21706 2020 11 13 01 N 28413 E129072 10238 252  17  7
21706 2020 11 13 02 N 28402 E129080 10234 252  14  7
21706 2020 11 13 03 N 28392 E129084 10229 253  13  7
21706 2020 11 13 04 N 28384 E129084 10217 253  12  6
21706 2020 11 13 05 N 28375 E129083 10211 253  12  7
21706 2020 11 13 06 N 28366 E129079 10210 253  11  7
21706 2020 11 13 07 N 28356 E129074 10209 253  12  8
21706 2020 11 13 08 N 28345 E129068 10210 252  12  7
21706 2020 11 13 09 N 28329 E129059 10215 252  12  9
21706 2020 11 13 10 N 28319 E129049 10218 251  14 10
21706 2020 11 13 11 N 28314 E129040 10220 251  14  9
21706 2020 11 13 12 N 28311 E129033 10225 252  13  9
21706 2020 11 13 13 N 28308 E129029 10224 252  13  8
21706 2020 11 13 14 N 28304 E129026 10220 252  14 10
21706 2020 11 13 15 N 28295 E129024 10217 252  14  9
21706 2020 11 13 16 N 28283 E129021 10214 252  14 10
21706 2020 11 13 17 N 28272 E129016 10212 252  14 10
21706 2020 11 13 18 N 28259 E129010 10207 253  15  9
21706 2020 11 13 19 N 28245 E128998 10204 253  14  9
21706 2020 11 13 20 N 28233 E128983 10202 253  15  8
21706 2020 11 13 21 N 28224 E128968 10205 253  16  7
21706 2020 11 13 22 N 28221 E128952 10211 254  17  7
21706 2020 11 13 23 N 28221 E128936 10220 254  18  7
21706 2020 11 14 00 N 28217 E128923 10224 254  19  7
21706 2020 11 14 01 N 28210 E128909 10221 255  18  8
21706 2020 11 14 02 N 28200 E128896 10219 255  19  8
21706 2020 11 14 03 N 28187 E128883 10217 255  20  7
21706 2020 11 14 04 N 28173 E128873 10213 255  20  7
21706 2020 11 14 05 N 28160 E128865 10203 255  21  7
21706 2020 11 14 06 N 28151 E128856 10202 255  19  8
21706 2020 11 14 07 N 28150 E128847 10205 255  17  7
21706 2020 11 14 08 N 28153 E128835 10209 255  19  8
21706 2020 11 14 09 N 28157 E128821 10216 254  20  8
21706 2020 11 14 10 N 28162 E128804 10221 253  21  8
21706 2020 11 14 11 N 28167 E128790 10226 252  19  9
21706 2020 11 14 12 N 28173 E128778 10228 251  18  8
21706 2020 11 14 13 N 28178 E128767 10231 251  17  9
21706 2020 11 14 14 N 28175 E128758 10232 251  17  9
21706 2020 11 14 15 N 28170 E128750 10227 251  17  8
21706 2020 11 14 16 N 28166 E128742 10230 251  18  9
21706 2020 11 14 17 N 28163 E128731 10226 251  19  8
21706 2020 11 14 18 N 28164 E128719 10221 250  21  8
21706 2020 11 14 19 N 28167 E128709 10221 253  22  9
21706 2020 11 14 20 N 28172 E128699 10223 253  21  8
21706 2020 11 14 21 N 28178 E128690 10228 254  22  8
21706 2020 11 14 22 N 28182 E128684 10231 254  21  8
21706 2020 11 14 23 N 28186 E128675 10238 254  20  8
21706 2020 11 15 00 N 28194 E128670 10242 255  20  8
21706 2020 11 15 01 N 28199 E128666 10245 255  20  8
21706 2020 11 15 02 N 28201 E128667 10242 255  21  7
21706 2020 11 15 03 N 28204 E128667 10238 256  20  8
21706 2020 11 15 04 N 28210 E128664 10231 256  18  8
21706 2020 11 15 05 N 28215 E128659 10226 256  17  8
21706 2020 11 15 06 N 28221 E128649 10226 256  14  8
21706 2020 11 15 07 N 28229 E128640 10225 255  17  8
21706 2020 11 15 08 N 28238 E128630 10224 255  16  8
21706 2020 11 15 09 N 28246 E128620 10225 254  16  7
21706 2020 11 15 10 N 28253 E128607 10228 254  17  8
21706 2020 11 15 11 N 28258 E128594 10231 253  15  7
21706 2020 11 15 12 N 28261 E128581 10235 252  15  8
21706 2020 11 15 13 N 28263 E128569 10236 251  17  8
21706 2020 11 15 14 N 28266 E128557 10236 251  16  8
21706 2020 11 15 15 N 28268 E128548 10233 251  14  9
21706 2020 11 15 16 N 28268 E128541 10229 251  15  8
21706 2020 11 15 17 N 28265 E128534 10227 252  13  9
21706 2020 11 15 18 N 28259 E128522 10222 252  12  9
21706 2020 11 15 19 N 28253 E128506 10222 252  12  9
21706 2020 11 15 20 N 28248 E128488 10220 251  12  8
21706 2020 11 15 21 N 28242 E128467 10220 251  12  9
21706 2020 11 15 22 N 28240 E128447 10223 250  11  8
21706 2020 11 15 23 N 28242 E128433 10228 251  12  8
21706 2020 11 16 00 N 28245 E128419 10231 251  12  8
21706 2020 11 16 01 N 28250 E128406 10232 252  13  8
21706 2020 11 16 02 N 28256 E128394 10230 252  13  8
21706 2020 11 16 03 N 28264 E128385 10224 255  12  9
21706 2020 11 16 04 N 28276 E128386 10216 255  11  9
21706 2020 11 16 05 N 28284 E128390 10209 256  12  9
21706 2020 11 16 06 N 28286 E128395 10210 256  12  9
21706 2020 11 16 07 N 28283 E128398 10210 256  14  9
21706 2020 11 16 09 N 28265 E128381 10216 255  14  8
21706 2020 11 16 12 N 28265 E128323 10222 254  13  8
21706 2020 11 16 15 N 28292 E128266 10222 254  15  8
21706 2020 11 16 18 N 28329 E128241 10211 254  16  7
21706 2020 11 16 21 N 28350 E128225 10212 254  14  7
21706 2020 11 17 00 N 28374 E128187 10224 254  16  7
21706 2020 11 17 03 N 28412 E128147 10214 255  16  7
21706 2020 11 17 06 N 28454 E128125 10198 255  15  8
21706 2020 11 17 09 N 28489 E128108 10206 254  17  7
21706 2020 11 17 12 N 28519 E128084 10210 254  18  7
21706 2020 11 17 15 N 28559 E128044 10208 254  16  7
21706 2020 11 17 18 N 28620 E128017 10193 254  14  7
21706 2020 11 17 21 N 28679 E127992 10189 254  13  7
21706 2020 11 18 00 N 28741 E127968 10194 254  15  7
21706 2020 11 18 03 N 28802 E127966 10185 254  15  7
21706 2020 11 18 06 N 28837 E127966 10165 252  18  7
21706 2020 11 18 09 N 28891 E127939 10166 251  17  7
21706 2020 11 18 12 N 28981 E127940 10178 251  21  7
21706 2020 11 18 13 N 29008 E127952 10177 251  23  7
21706 2020 11 18 14 N 29033 E127968 10176 251  21  7
21706 2020 11 18 15 N 29055 E127982 10174 252  20  7
21706 2020 11 18 16 N 29077 E127995 10174 252  19  7
21706 2020 11 18 17 N 29099 E128006 10172 252  17  7
21706 2020 11 18 18 N 29123 E128018 10166 252  17  8
21706 2020 11 18 21 N 29193 E128058 10162 255  18  7
21706 2020 11 19 00 N 29257 E128112 10167 256  20  7
21706 2020 11 19 01 N 29275 E128133 10170 256  19  7
21706 2020 11 19 02 N 29292 E128153 10169 256  18  7
21706 2020 11 19 03 N 29308 E128174 10164 256  18  7
21706 2020 11 19 06 N 29356 E128227 10142 256  18  7
21706 2020 11 19 09 N 29418 E128263 10134 255  16  7
21706 2020 11 19 12 N 29484 E128299 10144 253  16  6
21706 2020 11 19 15 N 29565 E128345 10135 252  16  7
21706 2020 11 19 18 N 29639 E128425 10130 252  15  6
21706 2020 11 19 21 N 29639 E128495 10144 251  13  7
21706 2020 11 20 00 N 29637 E128543 10156 252  14  8
21706 2020 11 20 03 N 29643 E128579 10149 253  16  7
21706 2020 11 20 06 N 29658 E128596 10146 253  15  7
21706 2020 11 20 09 N 29673 E128607 10169 252  18  6
21706 2020 11 20 12 N 29694 E128632 10179 251  21  7
21706 2020 11 20 13 N 29699 E128648 10179 251  22  7
21706 2020 11 20 14 N 29705 E128664 10181 251  25  7
21706 2020 11 20 15 N 29711 E128682 10181 251  23  7
21706 2020 11 20 17 N 29724 E128716 10182 250  20  7
21706 2020 11 20 18 N 29727 E128733 10184 250  23  7
21706 2020 11 20 19 N 29727 E128753 10184 250  21  7
21706 2020 11 20 20 N 29727 E128771 10186 250  22  7
21706 2020 11 20 21 N 29727 E128790 10188 250  25  8
21706 2020 11 20 22 N 29725 E128807 10194 250  23  7
21706 2020 11 20 23 N 29722 E128823 10198 250  21  8
21706 2020 11 21 00 N 29715 E128842 10201 250  20  8
21706 2020 11 21 01 N 29707 E128859 10202 250  20  8
21706 2020 11 21 02 N 29697 E128874 10198 251  19  8
21706 2020 11 21 03 N 29686 E128886 10198 251  17  8
21706 2020 11 21 06 N 29654 E128909 10183 252  16  8
21706 2020 11 21 09 N 29620 E128929 10192 251  14  8
21706 2020 11 21 12 N 29598 E128956 10200 250  12  8
21706 2020 11 21 15 N 29580 E128982 10198 250  14  8
21706 2020 11 21 18 N 29573 E129000 10190 250  13  8
21706 2020 11 21 21 N 29565 E129030 10193 250  12  9
21706 2020 11 22 00 N 29550 E129060 10203 251  13  9
21706 2020 11 22 03 N 29532 E129094 10196 253  11  9
21706 2020 11 22 06 N 29517 E129119 10184 253  10 10
21706 2020 11 22 09 N 29497 E129152 10198 251  11 10
21706 2020 11 22 12 N 29453 E129190 10211 251  12 10
21706 2020 11 22 15 N 29408 E129208 10206 251  12  8
21706 2020 11 22 18 N 29367 E129220 10203 251  12  8
21706 2020 11 22 21 N 29312 E129243 10218 249  21  6
21706 2020 11 22 22 N 29293 E129253 10222 249  21  7
21706 2020 11 22 23 N 29273 E129263 10229 250  24  8
21706 2020 11 23 00 N 29252 E129271 10230 250  24  7
21706 2020 11 23 01 N 29232 E129275 10233 250  30  8
21706 2020 11 23 02 N 29214 E129276 10228 250  32  8
21706 2020 11 23 03 N 29195 E129276 10222 249  31  8
21706 2020 11 23 04 N 29177 E129278 10217 249  26  8
21706 2020 11 23 06 N 29140 E129287 10217 249  26  8
21706 2020 11 23 07 N 29121 E129289 10218 249  25  8
21706 2020 11 23 08 N 29105 E129287 10223 249  24  8
21706 2020 11 23 09 N 29091 E129283 10226 249  25  8
21706 2020 11 23 10 N 29081 E129276 10231 248  24  8
21706 2020 11 23 11 N 29069 E129268 10234 248  26  8
21706 2020 11 23 12 N 29054 E129265 10236 248  23  8
21706 2020 11 23 13 N 29040 E129264 10235 248  23  8
21706 2020 11 23 14 N 29027 E129265 10238 248  22  8
21706 2020 11 23 15 N 29013 E129267 10232 248  21  8
21706 2020 11 23 16 N 28999 E129271 10230 248  20  8
21706 2020 11 23 17 N 28986 E129275 10227 247  21  8
21706 2020 11 23 18 N 28974 E129279 10227 247  21  8
21706 2020 11 23 19 N 28963 E129285 10225 247  21  8
21706 2020 11 23 20 N 28953 E129293 10228 247  19  8
21706 2020 11 23 21 N 28941 E129300 10231 247  19  8
21706 2020 11 24 00 N 28908 E129316 10246 247  16  7
21706 2020 11 24 03 N 28878 E129330 10241 248  16  8
21706 2020 11 24 06 N 28844 E129336 10221 248  12  7
21706 2020 11 24 09 N 28809 E129333 10227 248  11  8
21706 2020 11 24 12 N 28777 E129344 10237 248  12  8
21706 2020 11 24 15 N 28745 E129362 10233 248  11  7
21706 2020 11 24 18 N 28708 E129379 10224 248  12  8
21706 2020 11 24 21 N 28670 E129373 10228 248  12  8
21706 2020 11 25 00 N 28638 E129367 10240 249  12  7
21706 2020 11 25 03 N 28597 E129377 10233 249  11  7
21706 2020 11 25 06 N 28544 E129378 10216 248  12  6
21706 2020 11 25 09 N 28483 E129344 10223 246  14  7
21706 2020 11 25 12 N 28443 E129324 10235 246  13  6
21706 2020 11 25 15 N 28410 E129322 10226 246  14  6
21706 2020 11 25 21 N 28364 E129286 10219 246  11  6
21706 2020 11 26 00 N 28342 E129282 10236 246   9  6
