21597 2021  1  6 07 N 27437 E124765 10206 203  30  8
21597 2021  1  6 08 N 27431 E124768 10209 203  29  8
21597 2021  1  6 09 N 27421 E124773 10213 203  29  8
21597 2021  1  6 10 N 27407 E124777 10219 202  26  8
21597 2021  1  6 12 N 27380 E124779 10228 202  26  7
21597 2021  1  6 13 N 27368 E124775 10231 202  24  8
21597 2021  1  6 14 N 27358 E124767 10234 201  25  7
21597 2021  1  6 15 N 27351 E124759 10233 201  23  8
21597 2021  1  6 16 N 27345 E124750 10235 201  24  7
21597 2021  1  6 17 N 27341 E124744 10232 201  24  7
21597 2021  1  6 18 N 27335 E124739 10229 201  25  7
21597 2021  1  6 19 N 27327 E124737 10226 201  23  7
21597 2021  1  6 21 N 27300 E124745 10232 203  31  7
21597 2021  1  6 22 N 27281 E124750 10237 203  28  7
21597 2021  1  6 23 N 27259 E124756 10241 203  29  7
21597 2021  1  7 00 N 27237 E124757 10251 203  32  7
21597 2021  1  7 01 N 27215 E124753 10253 204  34  8
21597 2021  1  7 02 N 27196 E124746 10253 204  39  8
21597 2021  1  7 03 N 27178 E124737 10246 204  37  8
21597 2021  1  7 04 N 27161 E124724 10246 204  36  8
21597 2021  1  7 05 N 27145 E124711 10243 204  47  9
21597 2021  1  7 06 N 27129 E124700 10245 204  46  9
21597 2021  1  7 07 N 27112 E124692 10244 205  45  9
21597 2021  1  7 08 N 27092 E124686 10250 204  46  9
21597 2021  1  7 09 N 27071 E124683 10254 205  53 10
21597 2021  1  7 10 N 27047 E124681 10259 206  56 10
21597 2021  1  7 11 N 27023 E124680 10264 207  50 10
21597 2021  1  7 12 N 26999 E124677 10266 206  52 10
21597 2021  1  7 13 N 26977 E124672 10265 206  53 10
21597 2021  1  7 14 N 26959 E124665 10262 206  43  9
21597 2021  1  7 15 N 26945 E124655 10264 206  48  9
21597 2021  1  7 16 N 26935 E124644 10262 206  53 10
21597 2021  1  7 17 N 26925 E124634 10263 205  40  9
21597 2021  1  7 18 N 26919 E124625 10259 205  44 10
21597 2021  1  7 19 N 26914 E124619 10255 204  43 10
21597 2021  1  7 20 N 26907 E124617 10254 204  41  9
21597 2021  1  7 21 N 26898 E124622 10258 203  42  9
21597 2021  1  7 22 N 26887 E124630 10259 203  42  9
21597 2021  1  7 23 N 26873 E124640 10261 203  44  9
21597 2021  1  8 00 N 26857 E124651 10266 204  38  9
21597 2021  1  8 01 N 26841 E124659 10268 204  36  9
21597 2021  1  8 02 N 26826 E124665 10269 204  40  9
21597 2021  1  8 03 N 26814 E124669 10256 204  39  9
21597 2021  1  8 04 N 26805 E124670 10247 205  38  9
21597 2021  1  8 05 N 26797 E124671 10246 205  36  8
21597 2021  1  8 06 N 26790 E124675 10244 205  40  9
21597 2021  1  8 07 N 26782 E124681 10246 205  39  9
21597 2021  1  8 08 N 26772 E124690 10249 204  37  9
21597 2021  1  8 09 N 26758 E124701 10242 203  41  9
21597 2021  1  8 10 N 26739 E124716 10264 203  39  8
21597 2021  1  8 11 N 26717 E124734 10271 202  35  8
21597 2021  1  8 12 N 26688 E124767 10271 204  37  9
21597 2021  1  8 13 N 26654 E124794 10268 204  33  9
21597 2021  1  8 14 N 26620 E124813 10267 204  32  9
21597 2021  1  8 15 N 26590 E124827 10266 204  34  9
21597 2021  1  8 16 N 26563 E124834 10261 203  28  9
21597 2021  1  8 17 N 26540 E124840 10262 203  36 10
21597 2021  1  8 18 N 26535 E124849 10265 214  39  9
21597 2021  1  8 19 N 26536 E124857 10257 215  36  9
21597 2021  1  8 20 N 26537 E124869 10254 215  38  9
21597 2021  1  8 21 N 26537 E124882 10252 216  38  8
21597 2021  1  8 22 N 26538 E124897 10257 217  39  9
21597 2021  1  8 23 N 26537 E124913 10261 217  41  9
21597 2021  1  9 00 N 26534 E124931 10266 218  36  9
21597 2021  1  9 01 N 26531 E124951 10271 219  36  8
21597 2021  1  9 02 N 26526 E124970 10272 219  34  8
21597 2021  1  9 03 N 26522 E124987 10264 219  32  9
21597 2021  1  9 04 N 26518 E125002 10253 219  31  9
21597 2021  1  9 05 N 26513 E125013 10246 219  34  9
21597 2021  1  9 06 N 26509 E125021 10242 219  34  8
21597 2021  1  9 07 N 26507 E125026 10240 219  29  8
21597 2021  1  9 08 N 26506 E125029 10244 219  34  8
21597 2021  1  9 09 N 26505 E125031 10254 219  31  8
21597 2021  1  9 10 N 26504 E125036 10257 218  31  8
21597 2021  1  9 11 N 26504 E125042 10263 218  31  8
21597 2021  1  9 12 N 26503 E125047 10264 218  33  8
21597 2021  1  9 13 N 26502 E125056 10264 218  33  8
21597 2021  1  9 14 N 26500 E125062 10264 219  36  8
21597 2021  1  9 15 N 26496 E125069 10263 219  33  8
21597 2021  1  9 16 N 26494 E125073 10268 219  34  8
21597 2021  1  9 17 N 26494 E125076 10272 219  28  8
21597 2021  1  9 18 N 26495 E125078 10271 219  30  9
21597 2021  1  9 19 N 26497 E125079 10265 219  28  8
21597 2021  1  9 20 N 26500 E125080 10259 219  30  9
21597 2021  1  9 21 N 26504 E125081 10262 219  27  8
21597 2021  1  9 22 N 26508 E125087 10268 218  30  8
21597 2021  1  9 23 N 26513 E125095 10269 217  32  9
21597 2021  1 10 00 N 26518 E125102 10261 217  30  9
21597 2021  1 10 01 N 26524 E125112 10275 216  30  8
21597 2021  1 10 02 N 26529 E125127 10272 216  30  8
21597 2021  1 10 03 N 26533 E125139 10266 216  30  8
21597 2021  1 10 04 N 26539 E125152 10254 217  27  8
21597 2021  1 10 05 N 26546 E125165 10249 217  26  8
21597 2021  1 10 06 N 26556 E125175 10247 217  28  8
21597 2021  1 10 07 N 26568 E125184 10242 217  24  8
21597 2021  1 10 08 N 26583 E125192 10240 217  24  8
21597 2021  1 10 09 N 26598 E125198 10246 217  24  8
21597 2021  1 10 10 N 26613 E125205 10252 217  25  8
21597 2021  1 10 11 N 26626 E125212 10257 217  24  8
21597 2021  1 10 12 N 26638 E125218 10262 216  22  8
21597 2021  1 10 13 N 26648 E125226 10266 216  22  7
21597 2021  1 10 14 N 26658 E125233 10268 216  22  7
21597 2021  1 10 15 N 26664 E125237 10262 216  20  7
21597 2021  1 10 16 N 26669 E125238 10261 216  19  7
21597 2021  1 10 17 N 26668 E125234 10256 216  18  7
21597 2021  1 10 18 N 26661 E125228 10254 213  19  7
21597 2021  1 10 21 N 26644 E125217 10245 211  18  7
21597 2021  1 11 00 N 26657 E125230 10255 213  18  7
21597 2021  1 11 03 N 26644 E125260 10242 213  18  6
21597 2021  1 11 06 N 26660 E125296 10214 213  18  7
21597 2021  1 11 09 N 26720 E125326 10214 215  22  7
21597 2021  1 11 10 N 26742 E125331 10218 215  24  6
21597 2021  1 11 11 N 26763 E125338 10228 215  24  7
21597 2021  1 11 12 N 26780 E125346 10229 215  27  6
21597 2021  1 11 13 N 26793 E125357 10234 215  27  7
21597 2021  1 11 14 N 26799 E125366 10233 214  29  7
21597 2021  1 11 15 N 26798 E125374 10234 213  30  7
21597 2021  1 11 16 N 26790 E125385 10233 211  29  7
21597 2021  1 11 17 N 26781 E125401 10230 212  28  7
21597 2021  1 11 18 N 26777 E125414 10225 212  23  7
21597 2021  1 11 19 N 26776 E125422 10224 212  28  7
21597 2021  1 11 20 N 26777 E125427 10216 211  27  7
21597 2021  1 11 21 N 26782 E125430 10216 210  32  7
21597 2021  1 11 22 N 26789 E125434 10219 210  28  7
21597 2021  1 11 23 N 26796 E125442 10225 209  28  7
21597 2021  1 12 00 N 26803 E125452 10231 208  33  8
21597 2021  1 12 01 N 26811 E125465 10233 209  34  8
21597 2021  1 12 02 N 26827 E125482 10235 211  30  7
21597 2021  1 12 03 N 26845 E125501 10231 212  33  8
21597 2021  1 12 04 N 26863 E125517 10224 213  30  7
21597 2021  1 12 05 N 26881 E125531 10216 214  28  7
21597 2021  1 12 06 N 26900 E125544 10214 213  31  7
21597 2021  1 12 07 N 26921 E125554 10214 213  29  7
21597 2021  1 12 08 N 26944 E125559 10215 213  25  7
21597 2021  1 12 09 N 26971 E125560 10216 213  30  7
21597 2021  1 12 10 N 27000 E125563 10222 213  27  7
21597 2021  1 12 11 N 27029 E125567 10225 212  24  7
21597 2021  1 12 12 N 27055 E125573 10228 211  24  7
21597 2021  1 12 13 N 27076 E125581 10230 209  20  7
21597 2021  1 12 14 N 27091 E125594 10229 207  19  7
21597 2021  1 12 15 N 27099 E125606 10227 206  20  7
21597 2021  1 12 16 N 27103 E125620 10222 206  18  7
21597 2021  1 12 17 N 27105 E125631 10221 206  17  7
21597 2021  1 12 18 N 27109 E125640 10220 207  15  7
21597 2021  1 12 21 N 27130 E125626 10216 207  14  7
21597 2021  1 13 00 N 27177 E125591 10221 208  11  7
21597 2021  1 13 03 N 27221 E125589 10219 210  11  7
21597 2021  1 13 06 N 27249 E125606 10201 211   9  7
21597 2021  1 13 09 N 27268 E125599 10207 210   7  7
21597 2021  1 13 12 N 27298 E125581 10217 209   7  7
21597 2021  1 13 15 N 27304 E125574 10224 210   7  7
21597 2021  1 13 18 N 27271 E125566 10216 213   6  7
21597 2021  1 13 21 N 27242 E125525 10210 213   6  7
21597 2021  1 14 00 N 27236 E125471 10216 214   5  8
21597 2021  1 14 03 N 27227 E125452 10211 216   6 10
21597 2021  1 14 06 N 27192 E125467 10191 216   5  9
21597 2021  1 14 09 N 27168 E125457 10197 216   6  9
21597 2021  1 14 12 N 27186 E125428 10198 215   7  8
21597 2021  1 14 15 N 27208 E125437 10198 214   6  6
21597 2021  1 14 18 N 27192 E125471 10190 213   7  8
21597 2021  1 14 21 N 27179 E125464 10185 211   6  6
21597 2021  1 15 00 N 27195 E125435 10189 211   6  6
21597 2021  1 15 03 N 27224 E125440 10181 213   7  7
21597 2021  1 15 06 N 27221 E125479 10160 215   7  7
21597 2021  1 15 09 N 27205 E125505 10165 214   9  7
21597 2021  1 15 12 N 27215 E125502 10171 213   8  8
21597 2021  1 15 15 N 27228 E125519 10181 213   8  8
21597 2021  1 15 18 N 27207 E125567 10188 213   8  8
21597 2021  1 15 21 N 27175 E125587 10189 213  10  8
21597 2021  1 16 00 N 27174 E125554 10195 212  10  6
21597 2021  1 16 03 N 27186 E125530 10202 211  14  6
21597 2021  1 16 06 N 27167 E125541 10195 211  25  6
21597 2021  1 16 07 N 27153 E125544 10199 211  28  7
21597 2021  1 16 08 N 27138 E125542 10205 211  30  7
21597 2021  1 16 09 N 27122 E125535 10207 211  33  7
21597 2021  1 16 10 N 27106 E125525 10213 209  40  8
21597 2021  1 16 11 N 27092 E125510 10221 208  37  8
21597 2021  1 16 12 N 27080 E125492 10228 208  29  8
21597 2021  1 16 13 N 27069 E125477 10229 207  36  7
21597 2021  1 16 14 N 27058 E125468 10237 206  34  8
21597 2021  1 16 15 N 27047 E125464 10240 205  33  8
21597 2021  1 16 16 N 27034 E125469 10243 204  36  8
21597 2021  1 16 17 N 27018 E125476 10240 204  33  8
21597 2021  1 16 18 N 27002 E125482 10240 204  39  9
21597 2021  1 16 19 N 26987 E125488 10240 203  35  9
21597 2021  1 16 20 N 26969 E125494 10247 202  41  9
21597 2021  1 16 21 N 26955 E125503 10254 204  39  8
21597 2021  1 16 22 N 26941 E125518 10263 205  43  9
21597 2021  1 16 23 N 26931 E125526 10268 206  42  8
21597 2021  1 17 00 N 26931 E125530 10273 209  40  9
21597 2021  1 17 01 N 26936 E125534 10274 210  39  9
21597 2021  1 17 02 N 26940 E125543 10275 211  39  8
21597 2021  1 17 03 N 26943 E125555 10269 210  39  9
21597 2021  1 17 04 N 26945 E125571 10267 210  36  9
21597 2021  1 17 05 N 26947 E125590 10257 210  37  8
21597 2021  1 17 06 N 26946 E125611 10254 210  37  8
21597 2021  1 17 07 N 26945 E125633 10254 209  40  8
21597 2021  1 17 08 N 26946 E125656 10260 211  35  8
21597 2021  1 17 09 N 26947 E125678 10264 212  35  8
21597 2021  1 17 10 N 26950 E125697 10268 213  35  8
21597 2021  1 17 11 N 26954 E125714 10269 214  37  8
21597 2021  1 17 12 N 26960 E125731 10272 214  34  8
21597 2021  1 17 13 N 26969 E125744 10271 214  32  8
21597 2021  1 17 14 N 26981 E125758 10268 214  29  8
21597 2021  1 17 15 N 26993 E125774 10250 214  32  8
21597 2021  1 17 16 N 27006 E125791 10262 216  28  8
21597 2021  1 17 17 N 27016 E125810 10259 216  30  8
21597 2021  1 17 18 N 27025 E125831 10257 216  27  8
21597 2021  1 17 19 N 27032 E125849 10254 217  28  8
21597 2021  1 17 20 N 27038 E125866 10252 217  25  8
21597 2021  1 17 21 N 27045 E125880 10255 217  22  7
21597 2021  1 17 22 N 27053 E125893 10257 217  25  8
21597 2021  1 17 23 N 27061 E125905 10257 217  25  8
21597 2021  1 18 00 N 27071 E125915 10259 217  24  8
21597 2021  1 18 01 N 27082 E125925 10262 217  21  8
21597 2021  1 18 02 N 27096 E125935 10261 218  21  8
21597 2021  1 18 03 N 27112 E125944 10256 218  20  8
21597 2021  1 18 04 N 27128 E125953 10251 218  19  8
21597 2021  1 18 05 N 27143 E125964 10248 218  19  7
21597 2021  1 18 06 N 27156 E125977 10245 219  18  8
21597 2021  1 18 09 N 27188 E126015 10251 218  18  7
21597 2021  1 18 12 N 27226 E126051 10262 217  17  7
21597 2021  1 18 15 N 27268 E126080 10262 216  15  7
21597 2021  1 18 18 N 27306 E126111 10249 216  14  7
21597 2021  1 18 21 N 27336 E126151 10252 216  16  6
21597 2021  1 19 00 N 27373 E126173 10262 216  14  6
21597 2021  1 19 03 N 27424 E126180 10264 216  14  7
21597 2021  1 19 06 N 27491 E126204 10249 216  13  6
21597 2021  1 19 09 N 27550 E126250 10259 215  13  6
21597 2021  1 19 12 N 27598 E126286 10263 216  13  7
21597 2021  1 19 15 N 27664 E126308 10256 216  14  7
21597 2021  1 19 18 N 27741 E126330 10249 215  17  7
21597 2021  1 19 21 N 27814 E126372 10250 215  19  7
21597 2021  1 20 00 N 27883 E126420 10259 214  18  6
21597 2021  1 20 03 N 27959 E126462 10251 213  16  6
21597 2021  1 20 06 N 28040 E126517 10233 211  15  7
21597 2021  1 20 09 N 28097 E126571 10235 208  14  7
21597 2021  1 20 12 N 28140 E126620 10243 207  13  6
21597 2021  1 20 15 N 28187 E126652 10237 208  12  7
21597 2021  1 20 18 N 28240 E126676 10224 209  13  6
21597 2021  1 20 21 N 28289 E126708 10217 208  13  6
21597 2021  1 21 00 N 28343 E126740 10224 209  12  6
21597 2021  1 21 03 N 28415 E126760 10208 209  12  7
21597 2021  1 21 06 N 28500 E126776 10183 209  13  7
21597 2021  1 21 09 N 28589 E126820 10190 207  14  6
21597 2021  1 21 12 N 28655 E126843 10196 204  16  7
21597 2021  1 21 15 N 28685 E126804 10189 206  15  7
21597 2021  1 21 18 N 28700 E126747 10174 209  11  7
21597 2021  1 21 21 N 28697 E126701 10172 212  11  7
21597 2021  1 22 00 N 28680 E126667 10172 213  11  7
21597 2021  1 22 03 N 28673 E126625 10165 213  11  8
21597 2021  1 22 06 N 28674 E126583 10139 213  11  7
21597 2021  1 22 09 N 28672 E126559 10134 212  11  7
21597 2021  1 22 12 N 28666 E126537 10131 212  12  7
21597 2021  1 22 15 N 28658 E126514 10118 212  15  7
21597 2021  1 22 18 N 28658 E126487 10108 212  12  7
21597 2021  1 22 21 N 28657 E126476 10107 213  14  7
21597 2021  1 23 00 N 28645 E126489 10122 213  16  7
21597 2021  1 23 03 N 28622 E126503 10118 213  16  8
21597 2021  1 23 06 N 28595 E126504 10106 213  15  8
21597 2021  1 23 09 N 28572 E126511 10123 213  14  8
21597 2021  1 23 12 N 28534 E126542 10148 211  18  7
21597 2021  1 23 15 N 28478 E126571 10168 210  21  7
21597 2021  1 23 16 N 28460 E126574 10168 210  22  7
21597 2021  1 23 17 N 28443 E126575 10171 209  24  7
21597 2021  1 23 18 N 28429 E126575 10177 209  25  7
21597 2021  1 23 19 N 28416 E126579 10178 207  29  7
21597 2021  1 23 20 N 28404 E126585 10177 206  29  7
21597 2021  1 23 21 N 28394 E126597 10179 205  28  7
21597 2021  1 23 22 N 28387 E126613 10183 205  28  7
21597 2021  1 23 23 N 28384 E126631 10187 205  30  8
21597 2021  1 24 00 N 28382 E126650 10195 205  27  7
21597 2021  1 24 01 N 28382 E126668 10198 206  26  8
21597 2021  1 24 02 N 28383 E126687 10201 206  22  8
21597 2021  1 24 03 N 28383 E126704 10196 206  21  8
21597 2021  1 24 04 N 28385 E126718 10182 207  22  8
21597 2021  1 24 05 N 28387 E126732 10179 207  22  8
21597 2021  1 24 06 N 28391 E126748 10174 207  19  8
21597 2021  1 24 09 N 28394 E126771 10190 208  22  8
21597 2021  1 24 10 N 28396 E126778 10194 208  23  8
21597 2021  1 24 11 N 28399 E126787 10203 208  24  8
21597 2021  1 24 12 N 28401 E126796 10205 208  23  8
21597 2021  1 24 13 N 28403 E126805 10204 207  26  8
21597 2021  1 24 14 N 28405 E126812 10203 207  24  8
21597 2021  1 24 15 N 28407 E126822 10204 207  23  8
21597 2021  1 24 16 N 28410 E126832 10205 207  22  8
21597 2021  1 24 17 N 28415 E126842 10207 207  21  8
21597 2021  1 24 18 N 28422 E126852 10203 207  24  8
21597 2021  1 24 19 N 28431 E126862 10201 206  22  8
21597 2021  1 24 20 N 28452 E126879 10200 208  26  9
21597 2021  1 24 21 N 28474 E126900 10202 207  26  8
21597 2021  1 24 22 N 28493 E126922 10206 207  26  8
21597 2021  1 24 23 N 28510 E126946 10210 207  26  8
21597 2021  1 25 00 N 28529 E126970 10214 208  25  8
21597 2021  1 25 01 N 28548 E126991 10216 208  23  8
21597 2021  1 25 02 N 28574 E127014 10214 210  24  8
21597 2021  1 25 03 N 28601 E127035 10203 209  22  8
21597 2021  1 25 04 N 28625 E127054 10191 210  23  9
21597 2021  1 25 05 N 28651 E127072 10184 210  22  9
21597 2021  1 25 06 N 28677 E127090 10180 211  22  9
21597 2021  1 25 07 N 28703 E127113 10184 210  22  8
21597 2021  1 25 08 N 28731 E127137 10188 209  24  8
21597 2021  1 25 09 N 28761 E127161 10190 209  24  9
21597 2021  1 25 10 N 28795 E127181 10190 209  23  8
21597 2021  1 25 11 N 28831 E127199 10189 208  24  8
21597 2021  1 25 12 N 28869 E127214 10186 208  22  8
21597 2021  1 25 13 N 28907 E127229 10187 207  23  8
21597 2021  1 25 14 N 28942 E127247 10184 208  22  8
21597 2021  1 25 15 N 28974 E127266 10182 208  19  8
21597 2021  1 25 18 N 29065 E127310 10174 209  25  8
21597 2021  1 25 19 N 29093 E127322 10173 209  23  8
21597 2021  1 25 20 N 29122 E127334 10170 209  23  8
21597 2021  1 25 21 N 29151 E127346 10171 209  26  8
21597 2021  1 25 22 N 29179 E127359 10178 209  26  8
21597 2021  1 25 23 N 29206 E127374 10182 210  21  8
21597 2021  1 26 00 N 29232 E127390 10186 210  21  8
21597 2021  1 26 01 N 29257 E127409 10188 211  24  8
21597 2021  1 26 02 N 29281 E127431 10188 211  21  8
21597 2021  1 26 03 N 29303 E127453 10182 212  22  8
21597 2021  1 26 04 N 29322 E127477 10173 211  19  7
21597 2021  1 26 05 N 29340 E127503 10167 211  23  8
21597 2021  1 26 06 N 29357 E127531 10168 211  21  9
21597 2021  1 26 07 N 29376 E127562 10169 211  22  9
21597 2021  1 26 08 N 29397 E127595 10172 211  22  9
21597 2021  1 26 09 N 29417 E127630 10173 211  19  8
21597 2021  1 26 12 N 29476 E127743 10179 212  20  7
21597 2021  1 26 13 N 29493 E127786 10178 212  21  8
21597 2021  1 26 14 N 29509 E127832 10172 212  21  7
21597 2021  1 26 15 N 29523 E127879 10171 212  20  8
21597 2021  1 26 16 N 29533 E127921 10170 212  19  8
21597 2021  1 26 17 N 29543 E127959 10170 213  21  8
21597 2021  1 26 18 N 29555 E127997 10172 213  21  8
21597 2021  1 26 19 N 29566 E128034 10169 213  20  8
21597 2021  1 26 20 N 29575 E128070 10171 213  22  7
21597 2021  1 26 21 N 29584 E128105 10176 213  23  8
21597 2021  1 26 22 N 29593 E128137 10184 214  26  7
21597 2021  1 26 23 N 29603 E128170 10187 214  26  7
21597 2021  1 27 00 N 29611 E128201 10187 214  25  8
21597 2021  1 27 01 N 29620 E128232 10184 214  25  7
21597 2021  1 27 02 N 29631 E128261 10183 214  26  7
21597 2021  1 27 03 N 29641 E128291 10176 214  25  8
21597 2021  1 27 04 N 29651 E128320 10168 214  22  8
21597 2021  1 27 05 N 29662 E128350 10160 215  22  7
21597 2021  1 27 06 N 29672 E128377 10158 215  21  8
21597 2021  1 27 07 N 29683 E128400 10160 215  21  7
21597 2021  1 27 08 N 29695 E128422 10163 214  25  7
21597 2021  1 27 09 N 29707 E128444 10164 214  21  8
21597 2021  1 27 10 N 29721 E128467 10169 214  22  8
21597 2021  1 27 11 N 29734 E128493 10170 214  22  9
21597 2021  1 27 12 N 29746 E128522 10172 214  26  8
21597 2021  1 27 13 N 29755 E128553 10170 214  25  7
21597 2021  1 27 14 N 29762 E128585 10170 214  25  8
21597 2021  1 27 15 N 29767 E128614 10169 214  25  7
21597 2021  1 27 16 N 29770 E128640 10165 214  21  8
21597 2021  1 27 17 N 29771 E128664 10158 213  21  8
21597 2021  1 27 18 N 29772 E128685 10156 213  21  8
21597 2021  1 27 19 N 29772 E128705 10158 213  18  8
21597 2021  1 27 20 N 29774 E128725 10153 213  18  8
21597 2021  1 27 21 N 29775 E128745 10155 213  17  8
21597 2021  1 28 00 N 29775 E128804 10158 213  17  8
21597 2021  1 28 03 N 29770 E128872 10163 214  18  8
21597 2021  1 28 06 N 29754 E128948 10158 213  20  7
21597 2021  1 28 07 N 29746 E128975 10159 213  22  7
21597 2021  1 28 08 N 29736 E129002 10163 212  23  7
21597 2021  1 28 09 N 29726 E129027 10174 211  30  8
21597 2021  1 28 10 N 29718 E129051 10181 212  30  7
21597 2021  1 28 11 N 29709 E129077 10182 211  32  7
21597 2021  1 28 12 N 29699 E129102 10186 211  37  8
21597 2021  1 28 13 N 29686 E129128 10191 210  41  8
21597 2021  1 28 14 N 29670 E129154 10198 211  40  8
21597 2021  1 28 15 N 29649 E129182 10204 211  44  9
21597 2021  1 28 16 N 29624 E129210 10205 211  44  9
21597 2021  1 28 17 N 29595 E129239 10206 210  44  9
21597 2021  1 28 18 N 29568 E129261 10207 211  52 10
21597 2021  1 28 19 N 29542 E129275 10208 211  52 10
21597 2021  1 28 20 N 29516 E129280 10206 210  53 10
21597 2021  1 28 21 N 29492 E129278 10212 211  50 10
21597 2021  1 28 22 N 29472 E129273 10218 210  53 10
21597 2021  1 28 23 N 29455 E129271 10226 210  51 10
21597 2021  1 29 00 N 29440 E129271 10231 210  45  9
21597 2021  1 29 01 N 29425 E129276 10233 209  51 10
21597 2021  1 29 02 N 29409 E129287 10232 209  44 10
21597 2021  1 29 03 N 29393 E129299 10230 209  45 10
21597 2021  1 29 04 N 29377 E129315 10221 209  45 10
21597 2021  1 29 05 N 29360 E129332 10222 209  45 10
21597 2021  1 29 06 N 29341 E129345 10221 209  40  9
21597 2021  1 29 07 N 29321 E129361 10226 210  37 10
21597 2021  1 29 08 N 29303 E129378 10233 210  33 10
21597 2021  1 29 09 N 29286 E129392 10236 209  32  8
21597 2021  1 29 10 N 29266 E129407 10242 209  32 10
21597 2021  1 29 11 N 29245 E129419 10247 210  34  9
21597 2021  1 29 12 N 29226 E129429 10253 208  37  9
21597 2021  1 29 13 N 29206 E129440 10256 209  32  9
21597 2021  1 29 14 N 29184 E129450 10260 209  31  9
21597 2021  1 29 15 N 29164 E129459 10258 209  29  8
21597 2021  1 29 16 N 29144 E129469 10262 209  25  9
21597 2021  1 29 17 N 29125 E129478 10262 208  27  9
21597 2021  1 29 18 N 29105 E129484 10259 208  24  8
21597 2021  1 29 19 N 29086 E129490 10259 209  24  8
21597 2021  1 29 20 N 29069 E129493 10259 209  22  8
21597 2021  1 29 21 N 29051 E129490 10262 208  21  9
21597 2021  1 29 22 N 29036 E129481 10269 208  19  8
21597 2021  1 29 23 N 29025 E129470 10280 208  21  8
21597 2021  1 30 00 N 29020 E129461 10287 208  21  8
21597 2021  1 30 01 N 29015 E129452 10285 208  17  8
21597 2021  1 30 02 N 29011 E129444 10285 209  17  8
21597 2021  1 30 03 N 29009 E129438 10280 209  18  8
21597 2021  1 30 06 N 29012 E129451 10269 209  13  7
21597 2021  1 30 09 N 28988 E129487 10278 208  12  8
21597 2021  1 30 12 N 28953 E129495 10291 208  11  7
21597 2021  1 30 15 N 28930 E129492 10293 208   9  7
21597 2021  1 30 18 N 28919 E129502 10292 208   8  7
21597 2021  1 30 21 N 28879 E129511 10292 208   7  8
21597 2021  1 31 00 N 28837 E129471 10302 209   7  8
21597 2021  1 31 03 N 28838 E129398 10297 210   6  8
21597 2021  1 31 06 N 28868 E129357 10273 210   6  9
21597 2021  1 31 09 N 28889 E129347 10278 209   6  8
21597 2021  1 31 12 N 28897 E129333 10282 208   7  8
21597 2021  1 31 15 N 28903 E129307 10278 209   6  9
21597 2021  1 31 18 N 28932 E129320 10265 209   6 10
21597 2021  1 31 21 N 28941 E129348 10250 209   7 12
21597 2021  2  1 00 N 28940 E129349 10247 209   7  9
21597 2021  2  1 03 N 28947 E129317 10231 210   7  9
21597 2021  2  1 06 N 28984 E129321 10209 211   8  8
21597 2021  2  1 09 N 29009 E129368 10207 210   9  6
21597 2021  2  1 12 N 29029 E129413 10200 209   8  7
21597 2021  2  1 15 N 29062 E129414 10196 210   9  7
21597 2021  2  1 18 N 29073 E129418 10182 210  11  7
21597 2021  2  1 21 N 29066 E129429 10181 210  13  6
21597 2021  2  2 00 N 29010 E129404 10205 207  18  6
21597 2021  2  2 03 N 28989 E129391 10205 209  21  7
21597 2021  2  2 04 N 28984 E129387 10202 209  26  7
21597 2021  2  2 05 N 28979 E129384 10203 209  25  7
21597 2021  2  2 06 N 28977 E129384 10209 209  27  7
21597 2021  2  2 07 N 28974 E129390 10216 209  26  7
21597 2021  2  2 08 N 28968 E129399 10224 208  27  7
21597 2021  2  2 09 N 28960 E129406 10233 207  26  8
21597 2021  2  2 10 N 28950 E129411 10238 207  25  8
21597 2021  2  2 11 N 28938 E129418 10245 206  25  7
21597 2021  2  2 12 N 28927 E129425 10247 205  24  7
21597 2021  2  2 13 N 28913 E129429 10248 207  22  8
21597 2021  2  2 14 N 28898 E129429 10249 206  24  8
21597 2021  2  2 15 N 28884 E129427 10244 206  21  8
21597 2021  2  2 16 N 28873 E129425 10249 206  23  7
21597 2021  2  2 17 N 28868 E129424 10249 206  24  8
21597 2021  2  2 18 N 28864 E129428 10257 206  25  7
21597 2021  2  2 19 N 28860 E129443 10256 205  24  8
21597 2021  2  2 20 N 28854 E129460 10256 205  24  7
21597 2021  2  2 21 N 28843 E129478 10258 205  24  8
21597 2021  2  2 22 N 28827 E129494 10263 206  22  7
21597 2021  2  2 23 N 28808 E129507 10264 207  21  8
21597 2021  2  3 00 N 28785 E129511 10265 207  24  8
21597 2021  2  3 01 N 28761 E129508 10266 207  22  8
21597 2021  2  3 02 N 28741 E129496 10264 207  20  8
21597 2021  2  3 03 N 28725 E129482 10259 208  21  8
21597 2021  2  3 04 N 28714 E129467 10252 208  22  8
21597 2021  2  3 05 N 28705 E129452 10247 208  21  8
21597 2021  2  3 06 N 28698 E129438 10246 208  20  8
21597 2021  2  3 07 N 28693 E129427 10246 208  19  8
21597 2021  2  3 08 N 28688 E129415 10251 208  19  8
21597 2021  2  3 09 N 28682 E129406 10254 207  19  8
21597 2021  2  3 12 N 28663 E129389 10259 207  15  7
21597 2021  2  3 15 N 28648 E129373 10252 207  13  8
21597 2021  2  3 18 N 28648 E129340 10249 207  13  7
21597 2021  2  3 21 N 28657 E129319 10261 207  11  7
21597 2021  2  4 00 N 28650 E129319 10275 208   9  8
21597 2021  2  4 03 N 28642 E129316 10264 209   8  7
21597 2021  2  4 06 N 28635 E129303 10246 209   8  7
21597 2021  2  4 09 N 28625 E129293 10251 208   7  7
21597 2021  2  4 12 N 28605 E129284 10256 208   7  7
21597 2021  2  4 15 N 28592 E129254 10250 207   7  6
21597 2021  2  4 18 N 28592 E129220 10239 207   8  6
21597 2021  2  4 21 N 28600 E129199 10236 207   7  6
21597 2021  2  5 00 N 28600 E129188 10247 208   8  6
21597 2021  2  5 03 N 28595 E129165 10238 209   8  7
21597 2021  2  5 06 N 28603 E129130 10212 210   9  7
21597 2021  2  5 09 N 28621 E129123 10210 208   8  7
21597 2021  2  5 12 N 28634 E129132 10212 208   8  8
21597 2021  2  5 15 N 28645 E129126 10207 208   8  8
21597 2021  2  5 18 N 28664 E129114 10189 208   9  6
21597 2021  2  5 21 N 28686 E129129 10179 207  13  7
21597 2021  2  6 00 N 28696 E129149 10189 208  16  6
21597 2021  2  6 03 N 28712 E129159 10179 209  17  6
21597 2021  2  6 06 N 28716 E129172 10171 208  15  6
21597 2021  2  6 09 N 28712 E129193 10180 208  13  6
21597 2021  2  6 12 N 28692 E129211 10191 207  11  6
21597 2021  2  6 15 N 28669 E129210 10188 207   9  6
21597 2021  2  6 18 N 28656 E129193 10183 207   8  6
21597 2021  2  6 21 N 28653 E129180 10194 207   7  6
21597 2021  2  7 00 N 28644 E129170 10206 208   6  6
21597 2021  2  7 03 N 28637 E129164 10207 210   7  7
21597 2021  2  7 06 N 28622 E129153 10191 210   7  6
21597 2021  2  7 09 N 28599 E129133 10197 209   7  6
21597 2021  2  7 12 N 28575 E129117 10211 208   7  6
21597 2021  2  7 15 N 28541 E129098 10210 207   6  6
21597 2021  2  7 18 N 28490 E129063 10209 207   6  6
21597 2021  2  7 21 N 28444 E129024 10206 207   6  6
21597 2021  2  8 00 N 28410 E129010 10222 207   7  6
21597 2021  2  8 03 N 28371 E129021 10223 207   8  6
21597 2021  2  8 06 N 28335 E129049 10216 207  10  6
21597 2021  2  8 09 N 28313 E129068 10228 206  16  6
21597 2021  2  8 12 N 28296 E129081 10247 204  20  7
21597 2021  2  8 14 N 28283 E129087 10253 204  21  7
21597 2021  2  8 15 N 28275 E129088 10249 204  22  8
21597 2021  2  8 16 N 28266 E129086 10247 204  22  7
21597 2021  2  8 17 N 28258 E129085 10247 204  25  8
21597 2021  2  8 18 N 28250 E129084 10237 204  26  7
21597 2021  2  8 19 N 28245 E129080 10240 205  26  8
21597 2021  2  8 20 N 28242 E129076 10234 204  27  8
21597 2021  2  8 21 N 28240 E129072 10239 204  26  7
21597 2021  2  8 22 N 28238 E129068 10242 204  25  8
21597 2021  2  8 23 N 28236 E129066 10245 205  25  7
21597 2021  2  9 00 N 28233 E129064 10254 205  25  8
21597 2021  2  9 01 N 28229 E129063 10255 205  23  8
21597 2021  2  9 02 N 28224 E129062 10256 206  23  8
21597 2021  2  9 03 N 28219 E129062 10254 206  21  8
21597 2021  2  9 04 N 28214 E129061 10247 206  22  8
21597 2021  2  9 05 N 28212 E129059 10245 206  22  8
21597 2021  2  9 06 N 28210 E129055 10238 205  22  8
21597 2021  2  9 07 N 28208 E129050 10237 205  18  8
21597 2021  2  9 08 N 28205 E129050 10237 206  17  8
21597 2021  2  9 09 N 28206 E129048 10239 205  17  8
21597 2021  2  9 12 N 28219 E129048 10257 205  18  7
21597 2021  2  9 15 N 28226 E129061 10247 208  15  7
21597 2021  2  9 18 N 28236 E129075 10236 205  12  7
21597 2021  2  9 21 N 28231 E129071 10236 205  11  7
21597 2021  2 10 00 N 28236 E129063 10249 206  10  7
21597 2021  2 10 03 N 28235 E129056 10228 208   8  7
21597 2021  2 10 06 N 28221 E129056 10219 207   8  7
21597 2021  2 10 09 N 28225 E129044 10224 206   7  7
21597 2021  2 10 12 N 28259 E129035 10231 206   7  6
21597 2021  2 10 15 N 28285 E129040 10224 206   5  7
21597 2021  2 10 18 N 28282 E129044 10220 206   7  8
21597 2021  2 10 21 N 28271 E129039 10214 206   8  8
21597 2021  2 11 00 N 28280 E129018 10211 205  12  7
21597 2021  2 11 03 N 28299 E128997 10193 205  10  7
21597 2021  2 11 06 N 28297 E128971 10172 204  15  7
21597 2021  2 11 09 N 28282 E128939 10177 204  23  7
21597 2021  2 11 10 N 28279 E128928 10167 204  27  7
21597 2021  2 11 11 N 28277 E128916 10172 204  29  7
21597 2021  2 11 12 N 28275 E128905 10176 204  29  7
21597 2021  2 11 13 N 28272 E128893 10179 204  33  8
21597 2021  2 11 14 N 28269 E128880 10163 204  36  7
21597 2021  2 11 15 N 28268 E128868 10163 204  37  8
21597 2021  2 11 16 N 28268 E128858 10156 204  33  7
21597 2021  2 11 17 N 28267 E128849 10148 204  32  8
21597 2021  2 11 18 N 28265 E128840 10149 204  33  7
21597 2021  2 11 19 N 28263 E128828 10152 204  34  7
21597 2021  2 11 20 N 28256 E128817 10158 203  36  8
21597 2021  2 11 21 N 28253 E128803 10158 204  31  7
21597 2021  2 11 22 N 28255 E128788 10158 204  34  8
21597 2021  2 11 23 N 28260 E128773 10159 204  32  8
21597 2021  2 12 00 N 28265 E128758 10166 204  31  8
21597 2021  2 12 01 N 28269 E128746 10170 204  31  8
21597 2021  2 12 02 N 28274 E128739 10173 204  34  9
21597 2021  2 12 03 N 28273 E128733 10174 204  27  8
21597 2021  2 12 04 N 28268 E128726 10169 204  28  8
21597 2021  2 12 05 N 28264 E128720 10165 205  28  8
21597 2021  2 12 06 N 28260 E128713 10158 205  28  9
21597 2021  2 12 07 N 28256 E128701 10160 205  27  8
21597 2021  2 12 08 N 28254 E128687 10163 206  28  9
21597 2021  2 12 09 N 28255 E128672 10172 205  24  9
21597 2021  2 12 10 N 28257 E128656 10171 204  25  8
21597 2021  2 12 11 N 28258 E128638 10175 204  24  8
21597 2021  2 12 12 N 28254 E128620 10177 204  23  9
21597 2021  2 12 13 N 28246 E128605 10178 204  21  8
21597 2021  2 12 14 N 28237 E128591 10174 204  23  8
21597 2021  2 12 15 N 28231 E128576 10175 204  25  9
21597 2021  2 12 16 N 28224 E128563 10176 204  24  9
21597 2021  2 12 17 N 28217 E128553 10180 204  24  9
21597 2021  2 12 18 N 28209 E128542 10174 205  22  9
21597 2021  2 12 19 N 28200 E128529 10172 204  21  8
21597 2021  2 12 20 N 28188 E128513 10172 204  23  9
21597 2021  2 12 21 N 28177 E128496 10174 205  25  9
21597 2021  2 12 22 N 28166 E128477 10176 205  23  9
21597 2021  2 12 23 N 28156 E128457 10181 206  22  8
21597 2021  2 13 00 N 28147 E128436 10184 206  24  8
21597 2021  2 13 01 N 28140 E128417 10186 206  25  9
21597 2021  2 13 02 N 28136 E128401 10183 207  23  8
21597 2021  2 13 03 N 28133 E128387 10174 207  22  9
21597 2021  2 13 04 N 28129 E128376 10165 207  25  8
21597 2021  2 13 05 N 28125 E128363 10159 207  25  8
21597 2021  2 13 06 N 28121 E128351 10156 207  25  8
21597 2021  2 13 07 N 28116 E128337 10154 207  23  8
21597 2021  2 13 08 N 28107 E128324 10158 206  25  9
21597 2021  2 13 09 N 28096 E128310 10160 206  23  8
21597 2021  2 13 10 N 28087 E128297 10160 206  18  8
21597 2021  2 13 11 N 28078 E128283 10161 206  25  9
21597 2021  2 13 12 N 28071 E128269 10165 206  28  9
21597 2021  2 13 13 N 28066 E128255 10163 206  23  9
21597 2021  2 13 14 N 28066 E128245 10161 206  25  9
21597 2021  2 13 15 N 28061 E128233 10156 206  25  9
21597 2021  2 13 16 N 28055 E128220 10152 206  21  9
21597 2021  2 13 17 N 28049 E128205 10148 206  19  8
21597 2021  2 13 18 N 28046 E128196 10146 207  21 10
21597 2021  2 13 19 N 28042 E128187 10138 208  17  9
21597 2021  2 13 20 N 28039 E128178 10134 208  19  9
21597 2021  2 13 21 N 28038 E128169 10130 208  19  9
21597 2021  2 14 00 N 28035 E128129 10131 208  26 10
21597 2021  2 14 01 N 28033 E128112 10130 208  22  9
21597 2021  2 14 02 N 28031 E128095 10124 208  23 10
21597 2021  2 14 03 N 28028 E128084 10115 209  24 10
21597 2021  2 14 05 N 28020 E128079 10090 210  22  9
21597 2021  2 14 06 N 28012 E128082 10088 210  20  9
21597 2021  2 14 07 N 28003 E128089 10089 207  21  9
21597 2021  2 14 08 N 27992 E128103 10080 207  23  9
21597 2021  2 14 09 N 27983 E128111 10081 208  18  9
21597 2021  2 14 12 N 27955 E128165 10088 209  22 10
21597 2021  2 14 13 N 27945 E128183 10087 209  18  9
21597 2021  2 14 14 N 27935 E128201 10089 210  18  8
21597 2021  2 14 15 N 27924 E128223 10092 212  20  7
21597 2021  2 14 16 N 27910 E128247 10094 211  20  7
21597 2021  2 14 17 N 27892 E128271 10097 211  24  8
21597 2021  2 14 18 N 27869 E128292 10094 211  23  7
21597 2021  2 14 19 N 27845 E128311 10096 210  23  8
21597 2021  2 14 20 N 27823 E128324 10096 209  28  7
21597 2021  2 14 21 N 27810 E128332 10108 209  28  7
21597 2021  2 14 22 N 27802 E128340 10118 209  28  7
21597 2021  2 14 23 N 27796 E128347 10125 209  29  8
21597 2021  2 15 00 N 27790 E128355 10132 210  26  7
21597 2021  2 15 01 N 27784 E128363 10142 210  35  8
21597 2021  2 15 02 N 27774 E128371 10142 211  31  8
21597 2021  2 15 03 N 27762 E128383 10141 211  31  8
21597 2021  2 15 04 N 27749 E128397 10136 212  33  8
21597 2021  2 15 05 N 27735 E128411 10134 212  25  7
21597 2021  2 15 06 N 27722 E128427 10134 212  29  7
21597 2021  2 15 07 N 27708 E128442 10140 212  27  8
21597 2021  2 15 08 N 27692 E128456 10148 212  26  7
21597 2021  2 15 09 N 27677 E128464 10155 212  27  8
21597 2021  2 15 10 N 27664 E128470 10159 211  27  8
21597 2021  2 15 11 N 27652 E128474 10168 210  27  8
21597 2021  2 15 12 N 27642 E128478 10169 210  27  8
21597 2021  2 15 13 N 27630 E128480 10174 211  28  7
21597 2021  2 15 14 N 27617 E128484 10179 210  25  8
21597 2021  2 15 15 N 27602 E128491 10181 210  26  8
21597 2021  2 15 16 N 27586 E128499 10181 209  27  8
21597 2021  2 15 17 N 27574 E128505 10185 208  26  8
21597 2021  2 15 18 N 27566 E128513 10184 207  27  8
21597 2021  2 15 19 N 27556 E128520 10182 208  28  9
21597 2021  2 15 20 N 27545 E128524 10182 208  27  9
21597 2021  2 15 21 N 27533 E128526 10184 208  27  8
21597 2021  2 15 22 N 27521 E128522 10187 208  27  9
21597 2021  2 15 23 N 27512 E128514 10192 208  26  8
21597 2021  2 16 00 N 27504 E128513 10199 210  25  9
21597 2021  2 16 01 N 27500 E128517 10201 212  23  9
21597 2021  2 16 02 N 27499 E128522 10197 213  24  9
21597 2021  2 16 03 N 27499 E128531 10189 213  25  9
21597 2021  2 16 04 N 27500 E128544 10182 214  20  9
21597 2021  2 16 05 N 27502 E128561 10178 215  24  8
21597 2021  2 16 06 N 27502 E128584 10176 215  25  9
21597 2021  2 16 07 N 27502 E128608 10176 215  23  9
21597 2021  2 16 08 N 27499 E128630 10178 214  20  9
21597 2021  2 16 09 N 27494 E128650 10179 213  22  9
21597 2021  2 16 10 N 27489 E128665 10182 214  23  9
21597 2021  2 16 11 N 27487 E128674 10184 214  25 10
21597 2021  2 16 12 N 27485 E128677 10186 214  19  9
21597 2021  2 16 15 N 27472 E128673 10177 213  22  9
21597 2021  2 16 16 N 27467 E128669 10176 213  18  9
21597 2021  2 16 17 N 27462 E128670 10174 213  18  9
21597 2021  2 16 18 N 27455 E128673 10174 213  18  9
