21679 2021  4  6 16 N 27426 E124776 10208 201  24  8
21679 2021  4  6 17 N 27422 E124765 10203 208  21  8
21679 2021  4  6 18 N 27421 E124751 10200 211  20  8
21679 2021  4  6 19 N 27421 E124735 10196 209  20  8
21679 2021  4  6 20 N 27421 E124722 10193 209  20  7
21679 2021  4  6 21 N 27418 E124710 10196 210  20  7
21679 2021  4  6 22 N 27417 E124698 10196 210  18  8
21679 2021  4  6 23 N 27416 E124690 10196 211  17  8
21679 2021  4  7 00 N 27412 E124687 10199 211  18  8
21679 2021  4  7 01 N 27407 E124686 10203 212  18  8
21679 2021  4  7 02 N 27399 E124685 10200 213  18  8
21679 2021  4  7 03 N 27392 E124685 10194 214  17  8
21679 2021  4  7 04 N 27386 E124685 10189 214  18  8
21679 2021  4  7 05 N 27382 E124682 10180 214  16  7
21679 2021  4  7 06 N 27376 E124684 10171 218  18  7
21679 2021  4  7 07 N 27372 E124685 10167 219  15  7
21679 2021  4  7 08 N 27371 E124687 10168 219  15  7
21679 2021  4  7 09 N 27369 E124689 10168 219  15  7
21679 2021  4  7 10 N 27368 E124694 10168 218  15  8
21679 2021  4  7 11 N 27367 E124703 10177 219  16  8
21679 2021  4  7 12 N 27362 E124715 10180 218  16  8
21679 2021  4  7 13 N 27353 E124727 10184 219  18  8
21679 2021  4  7 14 N 27339 E124738 10181 220  17  8
21679 2021  4  7 15 N 27324 E124745 10179 219  17  8
21679 2021  4  7 16 N 27310 E124747 10174 219  17  8
21679 2021  4  7 17 N 27297 E124742 10165 219  16  9
21679 2021  4  7 18 N 27289 E124731 10154 218  16  8
21679 2021  4  7 19 N 27288 E124714 10149 229  17  8
21679 2021  4  7 20 N 27302 E124703 10150 229  16  8
21679 2021  4  7 21 N 27309 E124692 10155 223  17  8
21679 2021  4  7 22 N 27316 E124684 10158 228  16  7
21679 2021  4  7 23 N 27318 E124678 10167 227  17  8
21679 2021  4  8 00 N 27313 E124675 10179 226  17  8
21679 2021  4  8 01 N 27304 E124672 10178 225  17  8
21679 2021  4  8 02 N 27292 E124669 10183 224  18  8
21679 2021  4  8 03 N 27278 E124662 10179 224  16  7
21679 2021  4  8 06 N 27267 E124626 10160 228  19  7
21679 2021  4  8 09 N 27275 E124588 10171 227  25  7
21679 2021  4  8 10 N 27272 E124577 10174 227  26  7
21679 2021  4  8 11 N 27268 E124569 10180 226  25  7
21679 2021  4  8 12 N 27261 E124565 10185 225  24  7
21679 2021  4  8 13 N 27250 E124563 10188 224  23  7
21679 2021  4  8 14 N 27241 E124558 10186 224  21  7
21679 2021  4  8 15 N 27229 E124553 10185 223  21  7
21679 2021  4  8 16 N 27216 E124548 10180 223  20  7
21679 2021  4  8 17 N 27206 E124538 10173 224  20  7
21679 2021  4  8 18 N 27201 E124526 10177 224  18  7
21679 2021  4  8 21 N 27201 E124477 10178 223  19  7
21679 2021  4  9 00 N 27206 E124447 10199 222  22  7
21679 2021  4  9 01 N 27201 E124444 10205 223  24  7
21679 2021  4  9 02 N 27191 E124443 10207 222  22  7
21679 2021  4  9 03 N 27179 E124442 10207 222  19  6
21679 2021  4  9 06 N 27140 E124422 10200 220  20  7
21679 2021  4  9 07 N 27135 E124405 10194 221  20  7
21679 2021  4  9 08 N 27136 E124385 10193 221  18  7
21679 2021  4  9 09 N 27140 E124364 10196 220  18  7
21679 2021  4  9 12 N 27160 E124319 10211 217  17  6
21679 2021  4  9 15 N 27140 E124310 10208 216  17  7
21679 2021  4  9 18 N 27097 E124298 10195 214  18  7
21679 2021  4  9 21 N 27073 E124254 10205 214  21  7
21679 2021  4  9 22 N 27070 E124233 10205 214  21  7
21679 2021  4  9 23 N 27071 E124216 10210 214  24  7
21679 2021  4 10 00 N 27071 E124204 10214 214  22  7
21679 2021  4 10 02 N 27057 E124197 10217 215  22  7
21679 2021  4 10 03 N 27045 E124199 10212 215  19  7
21679 2021  4 10 06 N 27027 E124192 10205 215  16  7
21679 2021  4 10 09 N 27054 E124152 10205 213  18  7
21679 2021  4 10 12 N 27097 E124125 10219 213  17  6
21679 2021  4 10 15 N 27097 E124144 10224 212  17  7
21679 2021  4 10 18 N 27076 E124164 10213 212  18  7
21679 2021  4 10 21 N 27093 E124147 10207 212  19  7
21679 2021  4 11 00 N 27144 E124125 10224 212  23  7
21679 2021  4 11 01 N 27160 E124125 10228 211  24  7
21679 2021  4 11 02 N 27173 E124128 10230 210  21  7
21679 2021  4 11 03 N 27181 E124138 10229 210  26  8
21679 2021  4 11 04 N 27186 E124150 10223 210  25  8
21679 2021  4 11 05 N 27191 E124160 10217 209  24  8
21679 2021  4 11 06 N 27194 E124165 10213 208  25  7
21679 2021  4 11 07 N 27199 E124164 10208 207  26  8
21679 2021  4 11 08 N 27209 E124156 10205 207  26  7
21679 2021  4 11 09 N 27224 E124142 10201 205  26  8
21679 2021  4 11 10 N 27242 E124126 10205 203  23  7
21679 2021  4 11 11 N 27261 E124111 10207 202  24  8
21679 2021  4 11 12 N 27278 E124099 10209 202  25  8
21679 2021  4 11 13 N 27292 E124090 10208 202  23  8
21679 2021  4 11 14 N 27302 E124086 10212 203  22  7
21679 2021  4 11 15 N 27306 E124086 10208 205  23  8
21679 2021  4 11 16 N 27305 E124088 10203 207  22  8
21679 2021  4 11 17 N 27301 E124089 10195 209  20  7
21679 2021  4 11 18 N 27297 E124088 10189 209  24  8
21679 2021  4 11 19 N 27297 E124085 10186 209  22  7
21679 2021  4 11 20 N 27302 E124078 10182 208  22  7
21679 2021  4 11 21 N 27313 E124068 10183 208  25  7
21679 2021  4 11 22 N 27328 E124055 10179 207  25  7
21679 2021  4 11 23 N 27345 E124043 10183 207  23  8
21679 2021  4 12 00 N 27362 E124033 10184 206  22  7
21679 2021  4 12 01 N 27377 E124030 10184 207  22  7
21679 2021  4 12 02 N 27389 E124032 10183 207  23  7
21679 2021  4 12 03 N 27398 E124039 10174 207  22  8
21679 2021  4 12 04 N 27402 E124050 10168 207  21  7
21679 2021  4 12 05 N 27404 E124063 10164 207  20  8
21679 2021  4 12 06 N 27405 E124075 10157 207  19  7
21679 2021  4 12 09 N 27421 E124084 10146 206  20  7
21679 2021  4 12 10 N 27435 E124079 10146 205  21  7
21679 2021  4 12 11 N 27452 E124073 10149 205  20  7
21679 2021  4 12 12 N 27469 E124069 10156 205  17  7
21679 2021  4 12 15 N 27497 E124097 10163 204  18  8
21679 2021  4 12 18 N 27470 E124150 10154 204  14  8
21679 2021  4 12 21 N 27433 E124160 10150 205  15  8
21679 2021  4 13 00 N 27433 E124121 10168 205  16  8
21679 2021  4 13 03 N 27428 E124106 10170 205  15  8
21679 2021  4 13 06 N 27384 E124117 10168 202  14  7
21679 2021  4 13 09 N 27341 E124098 10170 199  16  7
21679 2021  4 13 12 N 27338 E124046 10175 198  15  7
21679 2021  4 13 15 N 27343 E124021 10176 198  16  8
21679 2021  4 13 18 N 27315 E124040 10168 197  15  8
21679 2021  4 13 21 N 27282 E124035 10168 196  15  7
21679 2021  4 14 00 N 27277 E124005 10188 194  20  7
21679 2021  4 14 01 N 27272 E123997 10191 182  19  7
21679 2021  4 14 02 N 27263 E123993 10191 182  20  8
21679 2021  4 14 03 N 27249 E123993 10187 181  20  7
21679 2021  4 14 04 N 27229 E123996 10176 181  22  7
21679 2021  4 14 05 N 27206 E123998 10175 181  22  7
21679 2021  4 14 06 N 27181 E123999 10179 184  22  7
21679 2021  4 14 07 N 27155 E123997 10175 189  23  7
21679 2021  4 14 08 N 27135 E123991 10178 191  26  7
21679 2021  4 14 09 N 27119 E123979 10175 193  24  7
21679 2021  4 14 10 N 27111 E123961 10182 193  25  7
21679 2021  4 14 11 N 27111 E123941 10184 199  24  8
21679 2021  4 14 12 N 27113 E123921 10185 201  23  7
21679 2021  4 14 13 N 27118 E123903 10190 202  22  7
21679 2021  4 14 14 N 27123 E123891 10184 203  22  8
21679 2021  4 14 15 N 27124 E123885 10180 203  19  8
21679 2021  4 14 18 N 27105 E123890 10167 206  21  8
21679 2021  4 14 19 N 27093 E123895 10165 207  21  8
21679 2021  4 14 20 N 27083 E123897 10161 207  18  8
21679 2021  4 14 21 N 27073 E123895 10158 206  18  7
21679 2021  4 15 00 N 27062 E123865 10168 207  18  8
21679 2021  4 15 03 N 27061 E123842 10159 207  16  7
21679 2021  4 15 06 N 27035 E123846 10139 206  17  7
21679 2021  4 15 09 N 26982 E123847 10140 203  16  7
21679 2021  4 15 12 N 26964 E123805 10152 202  16  7
21679 2021  4 15 15 N 26965 E123774 10150 185  15  7
21679 2021  4 15 18 N 26938 E123778 10137 186  13  7
21679 2021  4 15 21 N 26904 E123778 10134 195  13  7
21679 2021  4 16 00 N 26897 E123767 10146 204  14  7
21679 2021  4 16 03 N 26887 E123765 10146 203  15  7
21679 2021  4 16 06 N 26843 E123792 10132 206  16  7
21679 2021  4 16 09 N 26778 E123815 10132 205  14  7
21679 2021  4 16 12 N 26743 E123801 10152 203  14  7
21679 2021  4 16 15 N 26737 E123785 10156 199  15  6
21679 2021  4 16 18 N 26704 E123800 10151 187  12  7
21679 2021  4 16 21 N 26657 E123825 10161 191  12  8
21679 2021  4 17 00 N 26643 E123824 10173 198  12  7
21679 2021  4 17 03 N 26661 E123872 10182 215  12  7
21679 2021  4 17 09 N 26542 E123939 10181 223  15  6
21679 2021  4 17 12 N 26500 E123950 10201 227  19  6
21679 2021  4 17 15 N 26474 E123915 10203 227  20  7
21679 2021  4 17 16 N 26469 E123908 10205 227  19  7
21679 2021  4 17 17 N 26462 E123906 10203 227  20  7
21679 2021  4 17 18 N 26453 E123904 10201 226  22  7
21679 2021  4 17 19 N 26445 E123905 10200 225  24  7
21679 2021  4 17 20 N 26436 E123907 10199 224  24  7
21679 2021  4 17 21 N 26428 E123912 10209 227  26  7
21679 2021  4 17 23 N 26410 E123921 10216 232  28  7
21679 2021  4 18 00 N 26403 E123925 10217 234  27  7
21679 2021  4 18 01 N 26397 E123929 10221 237  25  7
21679 2021  4 18 02 N 26392 E123932 10214 239  29  8
21679 2021  4 18 03 N 26388 E123935 10205 242  27  8
21679 2021  4 18 04 N 26382 E123942 10203 244  28  8
21679 2021  4 18 05 N 26375 E123955 10198 245  26  8
21679 2021  4 18 06 N 26366 E123970 10189 246  22  7
21679 2021  4 18 07 N 26354 E123989 10184 246  23  8
21679 2021  4 18 08 N 26339 E124007 10180 246  22  8
21679 2021  4 18 09 N 26324 E124022 10182 245  23  8
21679 2021  4 18 10 N 26310 E124035 10181 245  23  7
21679 2021  4 18 11 N 26298 E124045 10189 245  24  7
21679 2021  4 18 12 N 26292 E124051 10198 245  24  8
21679 2021  4 18 13 N 26290 E124057 10199 245  23  7
21679 2021  4 18 14 N 26289 E124062 10195 245  24  8
21679 2021  4 18 15 N 26288 E124066 10194 246  20  8
21679 2021  4 18 16 N 26285 E124070 10187 247  20  8
21679 2021  4 18 17 N 26281 E124077 10180 246  20  8
21679 2021  4 18 18 N 26275 E124087 10171 246  19  9
21679 2021  4 18 21 N 26253 E124130 10168 247  22 10
21679 2021  4 18 22 N 26244 E124143 10169 247  23  9
21679 2021  4 18 23 N 26237 E124155 10174 248  23  9
21679 2021  4 19 00 N 26232 E124164 10175 249  21  9
21679 2021  4 19 01 N 26229 E124169 10179 249  20  9
21679 2021  4 19 02 N 26228 E124174 10177 249  21  9
21679 2021  4 19 03 N 26227 E124180 10173 249  22 10
21679 2021  4 19 04 N 26225 E124187 10170 248  21 10
21679 2021  4 19 05 N 26220 E124199 10165 247  22  9
21679 2021  4 19 06 N 26213 E124211 10160 246  25 11
21679 2021  4 19 07 N 26203 E124222 10156 245  23 10
21679 2021  4 19 08 N 26192 E124232 10155 244  21  9
21679 2021  4 19 09 N 26179 E124248 10158 243  21  9
21679 2021  4 19 10 N 26162 E124268 10161 245  21  9
21679 2021  4 19 11 N 26147 E124286 10166 245  21 10
21679 2021  4 19 12 N 26138 E124300 10168 246  21  8
21679 2021  4 19 13 N 26132 E124313 10168 246  21  9
21679 2021  4 19 14 N 26130 E124323 10170 246  20  9
21679 2021  4 19 15 N 26133 E124333 10164 246  18  9
21679 2021  4 19 18 N 26142 E124380 10147 245  23  9
21679 2021  4 19 19 N 26137 E124401 10149 245  24 10
21679 2021  4 19 20 N 26130 E124424 10151 245  23  9
21679 2021  4 19 21 N 26121 E124446 10154 245  22  9
21679 2021  4 19 22 N 26110 E124464 10161 245  20 10
21679 2021  4 19 23 N 26102 E124479 10167 245  21 10
21679 2021  4 20 00 N 26096 E124494 10171 246  22  9
21679 2021  4 20 01 N 26090 E124510 10172 246  21  9
21679 2021  4 20 02 N 26084 E124523 10175 247  23  8
21679 2021  4 20 03 N 26081 E124536 10170 248  22  9
21679 2021  4 20 04 N 26078 E124544 10167 248  20  9
21679 2021  4 20 05 N 26079 E124552 10161 248  21  8
21679 2021  4 20 06 N 26081 E124564 10156 248  20  9
21679 2021  4 20 07 N 26082 E124577 10155 249  20  9
21679 2021  4 20 08 N 26085 E124592 10156 249  21  7
21679 2021  4 20 09 N 26090 E124609 10157 249  21  8
21679 2021  4 20 10 N 26094 E124623 10161 247  21  8
21679 2021  4 20 11 N 26094 E124639 10163 247  22  8
21679 2021  4 20 12 N 26093 E124654 10166 247  24  7
21679 2021  4 20 13 N 26091 E124672 10170 247  23  8
21679 2021  4 20 14 N 26090 E124688 10165 247  24  8
21679 2021  4 20 15 N 26091 E124700 10165 246  22  8
21679 2021  4 20 16 N 26092 E124711 10161 246  23  8
21679 2021  4 20 17 N 26094 E124721 10154 247  23  7
21679 2021  4 20 18 N 26098 E124732 10152 247  22  8
21679 2021  4 20 19 N 26102 E124745 10151 247  22  7
21679 2021  4 20 20 N 26106 E124761 10148 248  21  8
21679 2021  4 20 21 N 26111 E124780 10149 250  23  7
21679 2021  4 20 22 N 26117 E124798 10156 250  27  8
21679 2021  4 20 23 N 26123 E124816 10161 251  25  8
21679 2021  4 21 00 N 26128 E124833 10166 251  23  8
21679 2021  4 21 01 N 26133 E124849 10165 251  24  8
21679 2021  4 21 02 N 26141 E124863 10164 251  22  7
21679 2021  4 21 03 N 26149 E124877 10159 251  23  8
21679 2021  4 21 04 N 26159 E124888 10154 251  22  8
21679 2021  4 21 05 N 26171 E124896 10147 252  23  8
21679 2021  4 21 06 N 26184 E124906 10136 252  24  9
21679 2021  4 21 07 N 26199 E124915 10133 251  24  8
21679 2021  4 21 08 N 26217 E124922 10137 251  23  8
21679 2021  4 21 09 N 26237 E124932 10136 250  24  8
21679 2021  4 21 10 N 26256 E124943 10142 250  25  7
21679 2021  4 21 11 N 26275 E124955 10147 249  25  8
21679 2021  4 21 12 N 26297 E124966 10151 249  26  9
21679 2021  4 21 13 N 26319 E124973 10153 248  28  8
21679 2021  4 21 14 N 26341 E124980 10150 247  30  8
21679 2021  4 21 15 N 26362 E124986 10145 246  30  8
21679 2021  4 21 16 N 26384 E124990 10137 245  28  8
21679 2021  4 21 17 N 26406 E124992 10126 244  28  8
21679 2021  4 21 18 N 26429 E124991 10120 244  26  8
21679 2021  4 21 19 N 26453 E124987 10116 243  28  8
21679 2021  4 21 20 N 26478 E124983 10116 242  28  8
21679 2021  4 21 21 N 26501 E124978 10117 242  29  9
21679 2021  4 21 22 N 26523 E124975 10121 241  31  9
21679 2021  4 21 23 N 26542 E124972 10123 240  29  8
21679 2021  4 22 00 N 26557 E124970 10127 239  30  9
21679 2021  4 22 01 N 26567 E124967 10128 238  28  9
21679 2021  4 22 02 N 26574 E124963 10124 238  27  9
21679 2021  4 22 03 N 26580 E124956 10119 237  26  8
21679 2021  4 22 04 N 26588 E124946 10113 237  27  9
21679 2021  4 22 05 N 26596 E124933 10105 237  27  9
21679 2021  4 22 06 N 26606 E124917 10096 236  28 10
21679 2021  4 22 07 N 26618 E124900 10089 236  28  9
21679 2021  4 22 08 N 26630 E124883 10085 235  27  9
21679 2021  4 22 09 N 26642 E124869 10084 233  27  9
21679 2021  4 22 10 N 26654 E124855 10083 232  29  9
21679 2021  4 22 11 N 26664 E124843 10083 232  28  9
21679 2021  4 22 12 N 26674 E124830 10089 231  29  9
21679 2021  4 22 13 N 26682 E124817 10092 229  29  9
21679 2021  4 22 14 N 26691 E124803 10094 229  29  9
21679 2021  4 22 15 N 26701 E124788 10090 227  31  8
21679 2021  4 22 16 N 26712 E124771 10082 226  30  9
21679 2021  4 22 17 N 26725 E124754 10072 226  33  9
21679 2021  4 22 18 N 26741 E124736 10069 226  33  9
21679 2021  4 22 19 N 26758 E124720 10066 226  30 10
21679 2021  4 22 20 N 26775 E124710 10066 226  29 10
21679 2021  4 22 21 N 26790 E124702 10068 226  31 10
21679 2021  4 22 22 N 26800 E124700 10067 225  33 10
21679 2021  4 22 23 N 26804 E124697 10082 225  30 10
21679 2021  4 23 00 N 26800 E124695 10085 224  30 10
21679 2021  4 23 01 N 26796 E124691 10085 223  35  9
21679 2021  4 23 02 N 26789 E124688 10086 224  31  9
21679 2021  4 23 03 N 26778 E124683 10080 224  30  9
21679 2021  4 23 04 N 26767 E124675 10074 224  28  9
21679 2021  4 23 05 N 26759 E124661 10071 224  25  9
21679 2021  4 23 06 N 26756 E124645 10065 225  25  9
21679 2021  4 23 07 N 26760 E124624 10066 224  26  8
21679 2021  4 23 08 N 26764 E124602 10072 222  24  9
21679 2021  4 23 09 N 26770 E124584 10078 221  26  9
21679 2021  4 23 10 N 26774 E124573 10086 221  25  9
21679 2021  4 23 11 N 26773 E124568 10094 221  26  8
21679 2021  4 23 12 N 26767 E124563 10094 221  29  9
21679 2021  4 23 13 N 26760 E124559 10104 220  33 10
21679 2021  4 23 14 N 26751 E124559 10106 219  35 10
21679 2021  4 23 15 N 26743 E124558 10110 219  39 10
21679 2021  4 23 16 N 26735 E124554 10107 218  42 10
21679 2021  4 23 17 N 26730 E124545 10100 217  42 10
21679 2021  4 23 18 N 26728 E124531 10100 217  45 11
21679 2021  4 23 19 N 26730 E124513 10099 216  49 11
21679 2021  4 23 20 N 26735 E124498 10104 213  42 11
21679 2021  4 23 21 N 26740 E124487 10106 213  43 11
21679 2021  4 23 22 N 26743 E124480 10115 213  46 11
21679 2021  4 23 23 N 26744 E124479 10121 213  44 12
21679 2021  4 24 00 N 26741 E124483 10129 214  43 11
21679 2021  4 24 01 N 26732 E124492 10130 214  52 13
21679 2021  4 24 02 N 26719 E124504 10134 215  58 12
21679 2021  4 24 03 N 26701 E124513 10130 217  42 11
21679 2021  4 24 04 N 26683 E124514 10127 218  54 13
21679 2021  4 24 05 N 26670 E124509 10118 219  52 13
21679 2021  4 24 06 N 26661 E124500 10111 219  47 11
21679 2021  4 24 07 N 26656 E124490 10109 219  43 12
21679 2021  4 24 08 N 26655 E124479 10110 219  37 11
21679 2021  4 24 09 N 26656 E124471 10114 218  35 11
21679 2021  4 24 10 N 26657 E124470 10118 229  37 12
21679 2021  4 24 11 N 26656 E124479 10123 235  38 12
21679 2021  4 24 12 N 26649 E124493 10130 238  37 11
21679 2021  4 24 13 N 26639 E124509 10136 239  41 11
21679 2021  4 24 14 N 26628 E124528 10137 241  42 12
21679 2021  4 24 15 N 26617 E124548 10132 243  42 10
21679 2021  4 24 16 N 26603 E124566 10131 244  45 11
21679 2021  4 24 17 N 26590 E124578 10122 245  48 11
21679 2021  4 24 18 N 26578 E124584 10119 245  45 12
21679 2021  4 24 19 N 26579 E124582 10121 245  37 11
21679 2021  4 24 20 N 26582 E124584 10119 245  44 11
21679 2021  4 24 21 N 26584 E124588 10126 245  38 12
21679 2021  4 24 22 N 26584 E124596 10134 245  37 11
21679 2021  4 24 23 N 26580 E124609 10140 245  32 10
21679 2021  4 25 00 N 26574 E124615 10145 245  29 10
21679 2021  4 25 01 N 26569 E124618 10152 246  31 10
21679 2021  4 25 02 N 26561 E124627 10153 247  29  9
21679 2021  4 25 03 N 26551 E124643 10147 248  32  9
21679 2021  4 25 04 N 26536 E124664 10144 249  34  9
21679 2021  4 25 05 N 26518 E124682 10142 250  36 10
21679 2021  4 25 06 N 26499 E124696 10144 250  33 10
21679 2021  4 25 07 N 26487 E124696 10140 251  31 11
21679 2021  4 25 08 N 26487 E124677 10140 250  27 11
21679 2021  4 25 09 N 26491 E124662 10146 249  26 10
21679 2021  4 25 10 N 26499 E124656 10148 249  26 10
21679 2021  4 25 11 N 26506 E124659 10153 249  27 10
21679 2021  4 25 12 N 26507 E124675 10156 249  29 10
21679 2021  4 25 13 N 26500 E124699 10163 249  27 10
21679 2021  4 25 14 N 26488 E124727 10165 248  24  9
21679 2021  4 25 15 N 26472 E124755 10163 249  26  9
21679 2021  4 25 16 N 26461 E124769 10161 249  26  9
21679 2021  4 25 17 N 26456 E124778 10154 249  23  9
21679 2021  4 25 18 N 26450 E124785 10154 250  26  8
21679 2021  4 25 19 N 26446 E124795 10153 250  26  9
21679 2021  4 25 20 N 26443 E124805 10155 250  25  9
21679 2021  4 25 21 N 26441 E124814 10159 250  27  9
21679 2021  4 25 22 N 26444 E124819 10159 250  24  9
21679 2021  4 25 23 N 26451 E124820 10166 250  25 10
21679 2021  4 26 00 N 26459 E124823 10172 250  26 10
21679 2021  4 26 01 N 26468 E124832 10175 251  25 10
21679 2021  4 26 02 N 26477 E124845 10173 251  25  9
21679 2021  4 26 03 N 26483 E124864 10172 252  25  9
21679 2021  4 26 04 N 26492 E124884 10170 252  27  9
21679 2021  4 26 05 N 26501 E124907 10164 252  24  9
21679 2021  4 26 06 N 26509 E124929 10157 251  23  9
21679 2021  4 26 07 N 26515 E124947 10155 250  24  9
21679 2021  4 26 08 N 26525 E124954 10158 249  22  9
21679 2021  4 26 09 N 26542 E124951 10159 248  23 10
21679 2021  4 26 10 N 26565 E124946 10166 248  23 10
21679 2021  4 26 11 N 26591 E124942 10169 247  22 10
21679 2021  4 26 12 N 26619 E124942 10177 246  20 10
21679 2021  4 26 13 N 26643 E124950 10180 244  22  9
21679 2021  4 26 14 N 26665 E124965 10184 244  21  9
21679 2021  4 26 15 N 26685 E124978 10184 225  20 10
21679 2021  4 26 16 N 26693 E124988 10181 224  19  9
21679 2021  4 26 17 N 26700 E124998 10177 223  23 10
21679 2021  4 26 18 N 26704 E125000 10175 222  18  9
21679 2021  4 26 21 N 26741 E124990 10170 225  18  9
21679 2021  4 27 00 N 26806 E124990 10185 227  19  9
21679 2021  4 27 03 N 26829 E125037 10184 228  18  9
21679 2021  4 27 06 N 26819 E125089 10172 230  18  8
21679 2021  4 27 09 N 26825 E125089 10167 230  14  8
21679 2021  4 27 12 N 26873 E125069 10177 230  12  9
21679 2021  4 27 15 N 26898 E125091 10179 229  12  8
21679 2021  4 27 18 N 26884 E125125 10173 232  13  7
21679 2021  4 27 21 N 26891 E125109 10165 233  12  7
21679 2021  4 28 00 N 26937 E125080 10170 233  13  7
21679 2021  4 28 03 N 26980 E125094 10167 234  12  7
21679 2021  4 28 06 N 27001 E125126 10146 234  14  7
21679 2021  4 28 09 N 27036 E125139 10137 230  14  7
21679 2021  4 28 12 N 27093 E125143 10138 228  11  7
21679 2021  4 28 15 N 27146 E125185 10134 227  13  7
21679 2021  4 28 18 N 27137 E125274 10118 228  11  7
21679 2021  4 28 21 N 27105 E125319 10116 229  11  6
21679 2021  4 29 00 N 27105 E125322 10130 232  16  6
21679 2021  4 29 03 N 27108 E125341 10136 231  13  6
21679 2021  4 29 06 N 27085 E125393 10125 230  11  6
21679 2021  4 29 09 N 27089 E125411 10120 230   9  6
21679 2021  4 29 12 N 27158 E125413 10127 229   8  7
21679 2021  4 29 15 N 27233 E125471 10128 229   7  7
21679 2021  4 29 18 N 27274 E125567 10114 228   8  7
21679 2021  4 29 21 N 27290 E125636 10120 227   8  8
21679 2021  4 30 00 N 27328 E125661 10128 229   7  9
21679 2021  4 30 03 N 27398 E125700 10128 233   6 10
21679 2021  4 30 06 N 27463 E125799 10113 235   6  8
21679 2021  4 30 09 N 27489 E125885 10105 234   7  7
21679 2021  4 30 12 N 27548 E125905 10109 233   8  7
21679 2021  4 30 15 N 27646 E125930 10101 233  12  6
21679 2021  4 30 18 N 27728 E126036 10085 232  13  6
21679 2021  4 30 21 N 27759 E126163 10099 230  15  6
21679 2021  5  1 00 N 27793 E126229 10118 230  11  6
21679 2021  5  1 03 N 27872 E126275 10115 233   9  7
21679 2021  5  1 06 N 27964 E126365 10115 240   9  7
21679 2021  5  1 09 N 28044 E126515 10127 247   9  7
21679 2021  5  1 12 N 28099 E126645 10147 244  10  7
21679 2021  5  1 15 N 28165 E126719 10156 247  12  7
21679 2021  5  1 18 N 28238 E126802 10147 247  12  6
21679 2021  5  1 21 N 28333 E126872 10159 247  12  6
21679 2021  5  2 00 N 28456 E126944 10175 249  13  6
21679 2021  5  2 03 N 28566 E127050 10190 250  13  6
21679 2021  5  2 06 N 28646 E127167 10197 249  12  7
21679 2021  5  2 09 N 28709 E127267 10192 248  13  6
21679 2021  5  2 12 N 28775 E127356 10205 246  14  6
21679 2021  5  2 15 N 28844 E127411 10204 246  12  6
21679 2021  5  2 18 N 28930 E127459 10193 246  12  6
21679 2021  5  2 21 N 29024 E127503 10198 246  13  7
21679 2021  5  3 00 N 29126 E127552 10210 247  13  6
21679 2021  5  3 03 N 29243 E127618 10204 249  10  6
21679 2021  5  3 06 N 29348 E127709 10189 250   9  7
21679 2021  5  3 09 N 29443 E127814 10188 248   8  6
21679 2021  5  3 12 N 29524 E127930 10197 246   8  7
21679 2021  5  3 15 N 29605 E128046 10189 244   7  7
21679 2021  5  3 18 N 29694 E128156 10177 241   9  6
21679 2021  5  3 21 N 29789 E128263 10175 237  11  6
21679 2021  5  4 00 N 29874 E128359 10175 235  12  6
21679 2021  5  4 03 N 29953 E128435 10168 235  15  6
21679 2021  5  4 06 N 30023 E128514 10144 235  20  6
21679 2021  5  4 07 N 30044 E128538 10141 235  19  6
21679 2021  5  4 08 N 30062 E128563 10147 235  19  7
21679 2021  5  4 09 N 30080 E128590 10140 235  22  7
21679 2021  5  4 10 N 30096 E128615 10139 235  22  7
21679 2021  5  4 11 N 30110 E128640 10142 235  25  7
21679 2021  5  4 12 N 30123 E128666 10143 234  24  6
21679 2021  5  4 13 N 30138 E128694 10143 234  23  7
21679 2021  5  4 14 N 30152 E128722 10136 233  22  7
21679 2021  5  4 15 N 30167 E128748 10134 232  25  7
21679 2021  5  4 16 N 30182 E128776 10123 231  24  7
21679 2021  5  4 17 N 30198 E128805 10116 230  25  7
21679 2021  5  4 18 N 30214 E128837 10108 228  25  7
21679 2021  5  4 20 N 30246 E128906 10101 221  29  7
21679 2021  5  4 21 N 30262 E128934 10100 220  29  7
21679 2021  5  4 22 N 30277 E128963 10112 220  31  7
21679 2021  5  4 23 N 30275 E129003 10124 219  27  7
21679 2021  5  5 00 N 30269 E129042 10135 218  24  7
21679 2021  5  5 01 N 30252 E129077 10147 218  23  7
21679 2021  5  5 02 N 30229 E129109 10151 218  20  7
21679 2021  5  5 03 N 30203 E129138 10153 218  23  7
21679 2021  5  5 04 N 30177 E129160 10152 218  18  7
21679 2021  5  5 05 N 30152 E129177 10151 218  16  6
21679 2021  5  5 06 N 30138 E129196 10151 220  16  6
21679 2021  5  5 09 N 30099 E129266 10159 225  19  7
21679 2021  5  5 12 N 30073 E129332 10182 228  16  7
21679 2021  5  5 15 N 30066 E129395 10183 229  16  7
21679 2021  5  5 18 N 30067 E129480 10176 228  16  6
21679 2021  5  5 21 N 30060 E129560 10181 227  16  7
21679 2021  5  6 00 N 30055 E129654 10186 229  15  6
21679 2021  5  6 01 N 30057 E129686 10186 230  14  6
21679 2021  5  6 02 N 30058 E129718 10186 232  13  6
21679 2021  5  6 03 N 30061 E129748 10179 233  12  6
21679 2021  5  6 04 N 30067 E129767 10174 234  11  6
21679 2021  5  6 05 N 30080 E129782 10170 237  11  6
21679 2021  5  6 06 N 30100 E129798 10165 239  11  6
21679 2021  5  6 07 N 30125 E129819 10161 240  10  6
21679 2021  5  6 08 N 30155 E129842 10160 236  10  6
21679 2021  5  6 09 N 30183 E129871 10160 234  11  6
21679 2021  5  6 10 N 30207 E129905 10160 233  11  6
21679 2021  5  6 11 N 30226 E129942 10164 231  11  6
21679 2021  5  6 12 N 30242 E129975 10168 230   9  6
21679 2021  5  6 13 N 30257 E130005 10170 230   8  6
21679 2021  5  6 14 N 30268 E130033 10165 229   8  7
21679 2021  5  6 15 N 30278 E130057 10161 229   8  7
21679 2021  5  6 16 N 30291 E130081 10152 229   7  7
21679 2021  5  6 17 N 30303 E130104 10144 229   8  7
21679 2021  5  6 18 N 30315 E130124 10139 229   8  7
21679 2021  5  6 19 N 30326 E130143 10128 229   8  7
21679 2021  5  6 20 N 30334 E130158 10124 229   8  7
21679 2021  5  6 21 N 30341 E130175 10120 229   8  8
21679 2021  5  6 22 N 30349 E130187 10119 229   8  7
21679 2021  5  6 23 N 30358 E130199 10116 228   7  7
21679 2021  5  7 00 N 30370 E130213 10116 227   7  7
21679 2021  5  7 01 N 30384 E130231 10113 228   6  7
21679 2021  5  7 02 N 30397 E130252 10112 227   6  8
21679 2021  5  7 03 N 30411 E130270 10112 227   7  7
21679 2021  5  7 04 N 30414 E130284 10114 227  11  7
21679 2021  5  7 05 N 30415 E130294 10113 227  10  7
21679 2021  5  7 06 N 30418 E130301 10111 227  12  6
21679 2021  5  7 07 N 30422 E130307 10111 227  13  7
21679 2021  5  7 08 N 30432 E130312 10109 227  12  6
21679 2021  5  7 09 N 30447 E130317 10111 227  11  6
21679 2021  5  7 10 N 30465 E130322 10114 227  10  7
21679 2021  5  7 11 N 30487 E130330 10120 226   9  6
21679 2021  5  7 12 N 30514 E130343 10123 226   8  7
21679 2021  5  7 13 N 30541 E130361 10127 226   7  7
21679 2021  5  7 14 N 30562 E130378 10123 226   6  7
21679 2021  5  7 15 N 30579 E130395 10121 226   6  7
21679 2021  5  7 16 N 30592 E130411 10115 226   6  7
21679 2021  5  7 17 N 30602 E130425 10108 227   6  7
21679 2021  5  7 18 N 30610 E130432 10100 227   6  7
21679 2021  5  7 19 N 30620 E130437 10102 227   6  8
21679 2021  5  7 20 N 30631 E130443 10100 228   5  8
21679 2021  5  7 21 N 30642 E130452 10105 228   6  7
21679 2021  5  7 22 N 30651 E130462 10109 229   5  8
21679 2021  5  7 23 N 30660 E130476 10109 230   5  8
21679 2021  5  8 00 N 30668 E130495 10107 230   6  9
21679 2021  5  8 01 N 30672 E130515 10107 231   5  9
21679 2021  5  8 02 N 30671 E130536 10106 231   5  8
21679 2021  5  8 03 N 30668 E130557 10101 231   5  8
21679 2021  5  8 04 N 30665 E130576 10095 231   6  7
21679 2021  5  8 05 N 30665 E130594 10089 230   6  7
21679 2021  5  8 06 N 30665 E130612 10089 230   5  7
21679 2021  5  8 07 N 30665 E130632 10091 230   5  7
21679 2021  5  8 08 N 30665 E130654 10087 229   5  7
21679 2021  5  8 09 N 30672 E130673 10085 229   6  8
21679 2021  5  8 10 N 30681 E130688 10081 229   6 10
21679 2021  5  8 11 N 30691 E130704 10092 229   7 11
21679 2021  5  8 12 N 30699 E130721 10104 229   9  8
21679 2021  5  8 13 N 30707 E130739 10105 229   8  6
21679 2021  5  8 14 N 30714 E130758 10107 229   7  6
21679 2021  5  8 15 N 30722 E130774 10106 228   7  6
21679 2021  5  8 16 N 30727 E130795 10102 229   8  7
21679 2021  5  8 17 N 30730 E130813 10094 229   7  6
21679 2021  5  8 18 N 30731 E130825 10089 229   7  6
21679 2021  5  8 19 N 30730 E130832 10094 228   6  6
