21680 2021 10 26 14 N 27440 E124774 10191 250  16  8
21680 2021 10 26 15 N 27441 E124774 10188 250  15  8
21680 2021 10 26 16 N 27441 E124777 10188 250  14  8
21680 2021 10 26 17 N 27438 E124785 10187 250  13  8
21680 2021 10 26 18 N 27432 E124794 10184 250  13  8
21680 2021 10 26 19 N 27424 E124805 10181 250  13  8
21680 2021 10 26 20 N 27414 E124816 10183 250  12  8
21680 2021 10 26 21 N 27403 E124828 10187 250  12  8
21680 2021 10 26 22 N 27392 E124836 10191 250  13  8
21680 2021 10 26 23 N 27383 E124841 10197 251  13  8
21680 2021 10 27 00 N 27374 E124841 10202 251  14  8
21680 2021 10 27 01 N 27368 E124837 10201 251  13  8
21680 2021 10 27 02 N 27364 E124831 10201 251  13  8
21680 2021 10 27 03 N 27358 E124826 10196 251  14  8
21680 2021 10 27 04 N 27351 E124822 10192 252  14  7
21680 2021 10 27 05 N 27341 E124818 10185 251  15  8
21680 2021 10 27 06 N 27331 E124815 10181 251  14  8
21680 2021 10 27 07 N 27319 E124813 10185 251  13  8
21680 2021 10 27 08 N 27305 E124813 10187 250  12  7
21680 2021 10 27 09 N 27290 E124811 10189 250  13  7
21680 2021 10 27 12 N 27252 E124798 10195 250  14  8
21680 2021 10 27 15 N 27226 E124778 10192 250  14  7
21680 2021 10 27 18 N 27200 E124781 10190 250  15  8
21680 2021 10 27 21 N 27167 E124799 10190 250  13  8
21680 2021 10 28 00 N 27124 E124802 10206 250  15  8
21680 2021 10 28 03 N 27109 E124784 10201 250  13  8
21680 2021 10 28 06 N 27096 E124777 10185 249  13  8
21680 2021 10 28 09 N 27062 E124785 10192 249  15  7
21680 2021 10 28 12 N 27034 E124795 10203 248  16  7
21680 2021 10 28 15 N 27022 E124794 10197 248  14  8
21680 2021 10 28 18 N 27016 E124788 10192 247  13  7
21680 2021 10 28 21 N 27010 E124800 10188 245  13  8
21680 2021 10 29 00 N 26993 E124813 10206 245  13  8
21680 2021 10 29 03 N 26986 E124797 10195 246  14  8
21680 2021 10 29 06 N 26996 E124788 10183 246  14  7
21680 2021 10 29 09 N 26983 E124815 10186 246  14  8
21680 2021 10 29 12 N 26951 E124866 10195 254  11  7
21680 2021 10 29 15 N 26919 E124897 10194 255  10  7
21680 2021 10 29 18 N 26896 E124927 10185 256  10  7
21680 2021 10 29 21 N 26873 E124954 10187 256   9  8
21680 2021 10 30 00 N 26851 E124998 10204 256  12  8
21680 2021 10 30 03 N 26815 E125033 10199 258  11  8
21680 2021 10 30 06 N 26801 E125047 10185 259  12  8
21680 2021 10 30 09 N 26787 E125076 10190 258  12  9
21680 2021 10 30 12 N 26745 E125111 10204 258  10  9
21680 2021 10 30 15 N 26701 E125130 10206 257  10  9
21680 2021 10 30 18 N 26669 E125144 10195 257  13  8
21680 2021 10 30 21 N 26654 E125167 10199 261  14  8
21680 2021 10 31 00 N 26635 E125189 10212 263  14  8
21680 2021 10 31 03 N 26609 E125201 10202 264  13  7
21680 2021 10 31 06 N 26592 E125201 10192 263  13  8
21680 2021 10 31 09 N 26581 E125192 10197 261  11  7
21680 2021 10 31 12 N 26564 E125210 10204 262  13  8
21680 2021 10 31 15 N 26541 E125243 10206 263  15  7
21680 2021 10 31 18 N 26525 E125270 10195 264  18  8
21680 2021 10 31 21 N 26514 E125285 10193 264  16  8
21680 2021 11  1 00 N 26502 E125301 10209 264  14  7
21680 2021 11  1 03 N 26484 E125321 10201 264  14  7
21680 2021 11  1 06 N 26474 E125327 10185 264  13  7
21680 2021 11  1 09 N 26461 E125311 10194 263  13  7
21680 2021 11  1 12 N 26435 E125306 10203 262  15  7
21680 2021 11  1 15 N 26395 E125333 10199 262  16  7
21680 2021 11  1 18 N 26362 E125382 10189 261  15  7
21680 2021 11  1 21 N 26338 E125441 10184 261  16  7
21680 2021 11  2 00 N 26332 E125497 10203 263  17  7
21680 2021 11  2 03 N 26334 E125531 10194 265  15  7
21680 2021 11  2 06 N 26336 E125577 10176 264  15  7
21680 2021 11  2 09 N 26343 E125640 10178 263  16  6
21680 2021 11  2 12 N 26355 E125706 10194 265  19  7
21680 2021 11  2 15 N 26382 E125760 10195 264  21  7
21680 2021 11  2 16 N 26393 E125778 10192 264  21  7
21680 2021 11  2 17 N 26402 E125798 10190 263  18  7
21680 2021 11  2 18 N 26410 E125819 10183 263  19  7
21680 2021 11  2 21 N 26423 E125882 10188 264  18  7
21680 2021 11  3 00 N 26441 E125931 10197 265  17  7
21680 2021 11  3 03 N 26473 E125976 10188 266  17  7
21680 2021 11  3 06 N 26505 E126030 10171 266  15  6
21680 2021 11  3 09 N 26522 E126086 10178 265  14  7
21680 2021 11  3 12 N 26544 E126125 10187 264  13  7
21680 2021 11  3 15 N 26579 E126166 10187 264  14  7
21680 2021 11  3 18 N 26617 E126212 10178 264  13  7
21680 2021 11  3 21 N 26646 E126252 10172 264  11  7
21680 2021 11  4 00 N 26659 E126282 10188 264  11  7
21680 2021 11  4 03 N 26679 E126304 10183 265  12  7
21680 2021 11  4 06 N 26707 E126322 10171 265  10  7
21680 2021 11  4 09 N 26738 E126342 10180 264  11  6
21680 2021 11  4 12 N 26774 E126361 10182 264   9  6
21680 2021 11  4 15 N 26811 E126369 10187 264   9  6
21680 2021 11  4 18 N 26867 E126377 10174 264   8  6
21680 2021 11  4 21 N 26939 E126391 10166 263   9  6
21680 2021 11  5 00 N 27003 E126397 10176 263   8  6
21680 2021 11  5 03 N 27047 E126388 10164 263   9  7
21680 2021 11  5 06 N 27100 E126376 10141 263   9  7
21680 2021 11  5 09 N 27168 E126378 10131 262  11  6
21680 2021 11  5 12 N 27234 E126384 10131 261  12  6
21680 2021 11  5 15 N 27339 E126380 10110 259  17  6
21680 2021 11  5 18 N 27458 E126382 10078 259  21  6
21680 2021 11  5 19 N 27494 E126382 10071 260  26  7
21680 2021 11  5 20 N 27529 E126393 10088 259  26  7
21680 2021 11  5 21 N 27553 E126408 10084 259  24  6
21680 2021 11  5 22 N 27577 E126407 10088 258  24  7
21680 2021 11  5 23 N 27606 E126405 10093 259  25  7
21680 2021 11  6 00 N 27637 E126402 10089 259  21  7
21680 2021 11  6 01 N 27668 E126399 10085 259  24  7
21680 2021 11  6 02 N 27698 E126401 10082 258  20  7
21680 2021 11  6 03 N 27728 E126410 10075 258  20  7
21680 2021 11  6 04 N 27754 E126428 10075 258  18  7
21680 2021 11  6 05 N 27776 E126455 10068 258  18  7
21680 2021 11  6 06 N 27791 E126489 10068 258  17  7
21680 2021 11  6 09 N 27811 E126585 10081 259  18  6
21680 2021 11  6 12 N 27821 E126602 10094 260  19  7
21680 2021 11  6 15 N 27866 E126587 10110 261  23  7
21680 2021 11  6 16 N 27882 E126585 10110 260  21  7
21680 2021 11  6 17 N 27897 E126585 10114 258  26  7
21680 2021 11  6 18 N 27912 E126587 10118 257  24  7
21680 2021 11  6 19 N 27926 E126590 10117 256  26  7
21680 2021 11  6 20 N 27938 E126589 10120 256  26  7
21680 2021 11  6 21 N 27948 E126587 10124 256  27  7
21680 2021 11  6 22 N 27960 E126581 10131 257  32  8
21680 2021 11  6 23 N 27976 E126572 10138 258  35  8
21680 2021 11  7 00 N 27995 E126562 10144 258  34  9
21680 2021 11  7 01 N 28018 E126553 10147 257  36  9
21680 2021 11  7 02 N 28040 E126549 10147 257  41  9
21680 2021 11  7 03 N 28059 E126551 10140 257  36  9
21680 2021 11  7 04 N 28075 E126557 10137 257  35  9
21680 2021 11  7 06 N 28104 E126577 10134 257  26  8
21680 2021 11  7 07 N 28117 E126585 10136 257  30  8
21680 2021 11  7 08 N 28130 E126590 10141 256  27  8
21680 2021 11  7 09 N 28145 E126591 10138 256  27  8
21680 2021 11  7 10 N 28161 E126591 10140 256  23  8
21680 2021 11  7 11 N 28181 E126591 10143 255  24  8
21680 2021 11  7 12 N 28204 E126593 10145 255  24  8
21680 2021 11  7 13 N 28228 E126597 10149 255  22  8
21680 2021 11  7 14 N 28251 E126599 10145 255  22  8
21680 2021 11  7 15 N 28272 E126604 10146 254  21  8
21680 2021 11  7 16 N 28291 E126609 10144 254  21  8
21680 2021 11  7 17 N 28307 E126617 10140 254  21  7
21680 2021 11  7 18 N 28322 E126624 10133 254  18  8
21680 2021 11  7 21 N 28361 E126609 10135 254  16  8
21680 2021 11  8 00 N 28400 E126552 10155 253  15  8
21680 2021 11  8 03 N 28393 E126554 10158 253  41  8
21680 2021 11  8 04 N 28392 E126570 10154 253  47  9
21680 2021 11  8 05 N 28386 E126588 10147 253  47  9
21680 2021 11  8 06 N 28378 E126610 10148 254  49  9
21680 2021 11  8 07 N 28368 E126631 10156 253  48  9
21680 2021 11  8 08 N 28357 E126645 10163 254  53 10
21680 2021 11  8 09 N 28348 E126649 10170 254  46  9
21680 2021 11  8 10 N 28344 E126648 10173 253  44  9
21680 2021 11  8 11 N 28345 E126644 10171 254  45  9
21680 2021 11  8 12 N 28350 E126642 10176 253  52 10
21680 2021 11  8 13 N 28356 E126643 10176 254  45  9
21680 2021 11  8 14 N 28364 E126649 10181 253  46 10
21680 2021 11  8 15 N 28374 E126660 10178 253  43  9
21680 2021 11  8 16 N 28385 E126676 10178 253  43 10
21680 2021 11  8 17 N 28394 E126701 10173 252  39  8
21680 2021 11  8 18 N 28399 E126729 10173 251  40  9
21680 2021 11  8 19 N 28404 E126755 10169 251  41  9
21680 2021 11  8 20 N 28411 E126780 10170 250  38  9
21680 2021 11  8 21 N 28421 E126802 10173 252  39  8
21680 2021 11  8 22 N 28438 E126824 10180 254  41  9
21680 2021 11  8 23 N 28458 E126848 10185 254  35  9
21680 2021 11  9 00 N 28476 E126874 10185 255  35  8
21680 2021 11  9 01 N 28495 E126902 10188 256  31  8
21680 2021 11  9 02 N 28513 E126930 10183 256  29  8
21680 2021 11  9 03 N 28528 E126957 10175 256  30  8
21680 2021 11  9 04 N 28542 E126983 10168 256  29  8
21680 2021 11  9 05 N 28558 E127007 10165 255  25  8
21680 2021 11  9 06 N 28572 E127031 10164 256  27  9
21680 2021 11  9 07 N 28586 E127054 10167 256  26  8
21680 2021 11  9 08 N 28599 E127076 10165 256  26  8
21680 2021 11  9 09 N 28612 E127097 10168 256  26  8
21680 2021 11  9 10 N 28625 E127115 10173 256  27  8
21680 2021 11  9 11 N 28638 E127136 10173 256  25  8
21680 2021 11  9 12 N 28651 E127155 10171 256  25  9
21680 2021 11  9 13 N 28663 E127174 10170 256  24  8
21680 2021 11  9 14 N 28677 E127192 10174 256  25  9
21680 2021 11  9 15 N 28692 E127207 10170 256  24  9
21680 2021 11  9 16 N 28705 E127226 10174 257  24  9
21680 2021 11  9 17 N 28721 E127245 10171 257  23  8
21680 2021 11  9 18 N 28735 E127265 10166 256  24  8
21680 2021 11  9 19 N 28749 E127288 10164 256  25  8
21680 2021 11  9 20 N 28761 E127313 10161 255  24  7
21680 2021 11  9 21 N 28771 E127339 10167 255  23  8
21680 2021 11  9 22 N 28780 E127364 10166 254  27  8
21680 2021 11  9 23 N 28787 E127389 10169 254  26  7
21680 2021 11 10 00 N 28796 E127411 10169 254  24  8
21680 2021 11 10 01 N 28806 E127430 10169 254  24  8
21680 2021 11 10 02 N 28816 E127448 10162 254  22  7
21680 2021 11 10 03 N 28828 E127467 10160 254  27  7
21680 2021 11 10 04 N 28841 E127486 10154 253  27  8
21680 2021 11 10 05 N 28855 E127510 10149 253  28  8
21680 2021 11 10 06 N 28866 E127539 10150 252  29  8
21680 2021 11 10 07 N 28877 E127564 10150 252  28  8
21680 2021 11 10 08 N 28885 E127589 10153 251  36  9
21680 2021 11 10 09 N 28889 E127615 10159 251  29  8
21680 2021 11 10 10 N 28892 E127639 10163 251  29  8
21680 2021 11 10 11 N 28893 E127663 10168 251  29  8
21680 2021 11 10 12 N 28892 E127685 10169 251  32  8
21680 2021 11 10 13 N 28890 E127705 10170 251  28  8
21680 2021 11 10 14 N 28885 E127723 10169 250  28  8
21680 2021 11 10 15 N 28876 E127742 10171 249  26  9
21680 2021 11 10 16 N 28866 E127760 10170 248  25  9
21680 2021 11 10 17 N 28856 E127777 10169 245  25  8
21680 2021 11 10 18 N 28856 E127793 10165 245  25  9
21680 2021 11 10 19 N 28855 E127808 10159 245  26  8
21680 2021 11 10 20 N 28854 E127819 10158 245  28  8
21680 2021 11 10 21 N 28854 E127827 10159 244  23  8
21680 2021 11 10 22 N 28855 E127832 10165 244  26  8
21680 2021 11 10 23 N 28856 E127839 10170 244  26  8
21680 2021 11 11 00 N 28859 E127844 10176 244  25  8
21680 2021 11 11 01 N 28862 E127850 10178 244  27  7
21680 2021 11 11 02 N 28869 E127862 10180 245  29  8
21680 2021 11 11 03 N 28877 E127877 10168 245  28  7
21680 2021 11 11 04 N 28883 E127892 10162 245  27  8
21680 2021 11 11 05 N 28889 E127908 10157 244  25  8
21680 2021 11 11 06 N 28896 E127926 10159 244  27  7
21680 2021 11 11 07 N 28903 E127942 10159 244  26  7
21680 2021 11 11 08 N 28908 E127959 10166 244  27  8
21680 2021 11 11 09 N 28910 E127975 10169 244  26  8
21680 2021 11 11 10 N 28911 E127990 10174 244  29  7
21680 2021 11 11 11 N 28910 E128004 10177 244  27  8
21680 2021 11 11 12 N 28909 E128018 10183 243  24  7
21680 2021 11 11 13 N 28908 E128032 10186 244  24  7
21680 2021 11 11 14 N 28905 E128048 10185 243  25  8
21680 2021 11 11 15 N 28900 E128063 10181 243  22  7
21680 2021 11 11 16 N 28894 E128077 10185 243  24  7
21680 2021 11 11 17 N 28891 E128090 10185 243  22  8
21680 2021 11 11 18 N 28887 E128103 10188 243  22  7
21680 2021 11 11 19 N 28881 E128117 10187 242  21  7
21680 2021 11 11 20 N 28873 E128131 10191 243  23  7
21680 2021 11 11 21 N 28867 E128142 10186 242  24  8
21680 2021 11 11 22 N 28859 E128153 10195 242  25  8
21680 2021 11 11 23 N 28852 E128166 10208 242  28  8
21680 2021 11 12 00 N 28845 E128177 10213 242  25  8
21680 2021 11 12 01 N 28838 E128187 10212 242  29  8
21680 2021 11 12 02 N 28832 E128194 10206 242  26  8
21680 2021 11 12 03 N 28825 E128199 10205 242  29  9
21680 2021 11 12 04 N 28819 E128205 10199 242  27  8
21680 2021 11 12 05 N 28816 E128217 10195 242  24  8
21680 2021 11 12 06 N 28818 E128229 10189 242  26  8
21680 2021 11 12 07 N 28819 E128239 10199 242  26  8
21680 2021 11 12 08 N 28816 E128249 10201 242  23  8
21680 2021 11 12 09 N 28812 E128260 10206 241  23  8
21680 2021 11 12 10 N 28808 E128269 10209 241  22  8
21680 2021 11 12 11 N 28803 E128276 10211 241  21  8
21680 2021 11 12 12 N 28800 E128284 10209 242  18  8
21680 2021 11 12 15 N 28787 E128307 10208 242  18  8
21680 2021 11 12 18 N 28767 E128325 10202 242  19  8
21680 2021 11 12 21 N 28732 E128336 10205 241  18  8
21680 2021 11 13 00 N 28694 E128345 10216 241  14  8
21680 2021 11 13 03 N 28657 E128352 10201 242  13  8
21680 2021 11 13 06 N 28626 E128359 10190 242  11  7
21680 2021 11 13 09 N 28605 E128369 10197 241  11  7
21680 2021 11 13 12 N 28583 E128379 10205 241  11  7
21680 2021 11 13 15 N 28554 E128387 10202 240  11  8
21680 2021 11 13 18 N 28534 E128373 10190 239  11  8
21680 2021 11 13 21 N 28520 E128357 10196 237  11  7
21680 2021 11 14 00 N 28514 E128353 10210 238   9  8
21680 2021 11 14 03 N 28511 E128364 10199 239   8  7
21680 2021 11 14 06 N 28509 E128355 10178 240   7  7
21680 2021 11 14 09 N 28509 E128338 10188 241   8  6
21680 2021 11 14 12 N 28512 E128309 10199 241  10  6
21680 2021 11 14 15 N 28513 E128284 10198 239   8  6
21680 2021 11 14 18 N 28500 E128268 10194 239   7  6
21680 2021 11 14 21 N 28490 E128273 10197 239   8  8
21680 2021 11 15 00 N 28483 E128298 10215 242   9  6
21680 2021 11 15 03 N 28476 E128330 10205 243  10  6
21680 2021 11 15 06 N 28457 E128347 10184 243  10  6
21680 2021 11 15 09 N 28438 E128329 10196 242   9  6
21680 2021 11 15 12 N 28437 E128305 10212 241   8  6
21680 2021 11 15 15 N 28453 E128303 10208 241   7  6
21680 2021 11 15 18 N 28457 E128318 10201 241   7  6
21680 2021 11 15 21 N 28455 E128326 10202 241   7  7
21680 2021 11 16 00 N 28450 E128324 10215 243   6  8
21680 2021 11 16 03 N 28444 E128333 10206 243   7  8
21680 2021 11 16 06 N 28419 E128335 10191 243   7  8
21680 2021 11 16 09 N 28389 E128315 10202 243   8  8
21680 2021 11 16 12 N 28380 E128291 10215 243   8  7
21680 2021 11 16 15 N 28390 E128280 10214 243   9  7
21680 2021 11 16 18 N 28389 E128292 10204 242   7  7
21680 2021 11 16 21 N 28369 E128287 10207 242   8  7
21680 2021 11 17 00 N 28357 E128271 10221 242   9  7
21680 2021 11 17 03 N 28353 E128265 10206 242  10  7
21680 2021 11 17 06 N 28335 E128269 10187 243  11  6
21680 2021 11 17 09 N 28308 E128250 10185 242  10  8
21680 2021 11 17 12 N 28294 E128216 10195 241   9  7
21680 2021 11 17 15 N 28296 E128181 10183 242   9  7
21680 2021 11 17 18 N 28289 E128162 10165 242   9  6
21680 2021 11 17 21 N 28277 E128144 10161 242  13  6
21680 2021 11 18 00 N 28268 E128107 10176 242  17  6
21680 2021 11 18 03 N 28258 E128068 10168 241  18  6
21680 2021 11 18 06 N 28240 E128029 10145 240  19  7
21680 2021 11 18 09 N 28231 E127974 10141 241  18  7
21680 2021 11 18 12 N 28245 E127919 10147 241  17  7
21680 2021 11 18 15 N 28264 E127871 10142 241  14  7
21680 2021 11 18 18 N 28278 E127833 10133 242  16  6
21680 2021 11 18 21 N 28300 E127790 10122 242  13  7
21680 2021 11 19 00 N 28323 E127755 10143 242  14  6
21680 2021 11 19 03 N 28340 E127735 10135 242  15  7
21680 2021 11 19 06 N 28340 E127702 10119 242  17  8
21680 2021 11 19 09 N 28346 E127654 10127 241  16  7
21680 2021 11 19 12 N 28333 E127647 10140 244  14  7
21680 2021 11 19 15 N 28305 E127656 10135 243  11  7
21680 2021 11 19 18 N 28278 E127652 10135 242  11  8
21680 2021 11 19 21 N 28227 E127628 10142 243  13  7
21680 2021 11 20 00 N 28149 E127594 10157 247  13  7
21680 2021 11 20 03 N 28074 E127565 10155 248  14  7
21680 2021 11 20 06 N 28026 E127531 10143 248  14  7
21680 2021 11 20 09 N 28011 E127486 10159 247  13  7
21680 2021 11 20 12 N 28016 E127446 10169 248  12  7
21680 2021 11 20 15 N 28029 E127424 10169 248  12  7
21680 2021 11 20 18 N 28052 E127410 10157 248  12  7
21680 2021 11 20 21 N 28086 E127401 10159 247  11  6
21680 2021 11 21 00 N 28130 E127392 10163 247  11  6
21680 2021 11 21 03 N 28183 E127388 10150 248  10  7
21680 2021 11 21 06 N 28244 E127388 10137 248  11  7
21680 2021 11 21 09 N 28308 E127393 10134 247  10  7
21680 2021 11 21 12 N 28372 E127402 10131 248   9  6
21680 2021 11 21 15 N 28431 E127419 10124 248   9  7
21680 2021 11 21 18 N 28474 E127451 10112 247   8  7
21680 2021 11 21 21 N 28486 E127503 10108 247  10  7
21680 2021 11 22 00 N 28453 E127543 10127 246  15  6
21680 2021 11 22 03 N 28396 E127564 10136 245  24  7
21680 2021 11 22 04 N 28375 E127569 10133 245  29  7
21680 2021 11 22 05 N 28356 E127572 10132 244  34  8
21680 2021 11 22 06 N 28336 E127576 10144 243  39  9
21680 2021 11 22 07 N 28315 E127580 10150 243  44  9
21680 2021 11 22 08 N 28295 E127582 10159 243  47  9
21680 2021 11 22 09 N 28277 E127583 10164 243  49 10
21680 2021 11 22 10 N 28261 E127580 10169 243  57 10
21680 2021 11 22 11 N 28247 E127577 10172 242  51 10
21680 2021 11 22 12 N 28236 E127575 10182 242  51 10
21680 2021 11 22 13 N 28228 E127577 10186 242  47 10
21680 2021 11 22 14 N 28221 E127579 10185 242  45 10
21680 2021 11 22 15 N 28218 E127578 10181 242  42  9
21680 2021 11 22 16 N 28216 E127582 10185 242  45 10
21680 2021 11 22 17 N 28215 E127591 10187 242  40 10
21680 2021 11 22 18 N 28212 E127602 10185 242  42 10
21680 2021 11 22 19 N 28208 E127616 10180 242  41 10
21680 2021 11 22 20 N 28204 E127630 10183 241  41  9
21680 2021 11 22 21 N 28200 E127643 10188 241  37  9
21680 2021 11 22 22 N 28194 E127658 10197 240  38  9
21680 2021 11 22 23 N 28187 E127672 10199 241  37  9
21680 2021 11 23 00 N 28177 E127688 10202 241  33  9
21680 2021 11 23 01 N 28167 E127700 10204 240  30  9
21680 2021 11 23 02 N 28155 E127713 10209 239  31  9
21680 2021 11 23 03 N 28142 E127728 10198 240  31  9
21680 2021 11 23 04 N 28127 E127744 10191 240  27  8
21680 2021 11 23 05 N 28109 E127759 10190 239  26  9
21680 2021 11 23 06 N 28091 E127778 10192 239  26  8
21680 2021 11 23 07 N 28072 E127793 10195 239  23  9
21680 2021 11 23 08 N 28051 E127805 10199 239  21  9
21680 2021 11 23 09 N 28031 E127812 10202 238  23  8
21680 2021 11 23 10 N 28014 E127812 10206 238  23  8
21680 2021 11 23 11 N 28001 E127810 10210 238  23  8
21680 2021 11 23 12 N 27991 E127809 10213 238  21  7
21680 2021 11 23 13 N 27985 E127810 10211 238  23  8
21680 2021 11 23 14 N 27977 E127814 10213 237  25  8
21680 2021 11 23 15 N 27970 E127819 10216 237  22  8
21680 2021 11 23 16 N 27963 E127825 10215 237  22  8
21680 2021 11 23 17 N 27958 E127832 10214 237  20  8
21680 2021 11 23 18 N 27953 E127840 10212 237  21  8
21680 2021 11 23 19 N 27944 E127850 10210 237  20  8
21680 2021 11 23 20 N 27932 E127862 10213 236  19  9
21680 2021 11 23 21 N 27923 E127868 10215 237  18  8
21680 2021 11 24 00 N 27897 E127868 10226 238  19  8
21680 2021 11 24 03 N 27860 E127867 10217 236  17  8
21680 2021 11 24 06 N 27811 E127874 10207 237  14  8
21680 2021 11 24 09 N 27774 E127886 10209 235  13  8
21680 2021 11 24 12 N 27729 E127890 10216 236  11  8
21680 2021 11 24 15 N 27703 E127887 10209 236  12  7
21680 2021 11 24 18 N 27698 E127907 10203 236  12  7
21680 2021 11 24 21 N 27696 E127935 10202 235  10  7
21680 2021 11 25 00 N 27687 E127956 10216 236   9  7
21680 2021 11 25 03 N 27683 E127960 10212 237  10  7
21680 2021 11 25 06 N 27677 E127968 10199 237   9  6
21680 2021 11 25 09 N 27665 E127981 10204 236   7  7
21680 2021 11 25 12 N 27649 E127986 10216 236   7  7
21680 2021 11 25 15 N 27639 E127975 10212 236   7  7
21680 2021 11 25 18 N 27635 E127972 10204 236   6  7
21680 2021 11 25 21 N 27627 E127982 10210 236   6  8
21680 2021 11 26 00 N 27620 E127988 10216 237   6  8
21680 2021 11 26 03 N 27606 E127984 10221 238   5  8
21680 2021 11 26 06 N 27580 E127972 10213 238   6  8
21680 2021 11 26 09 N 27559 E127962 10222 237   6  9
21680 2021 11 26 12 N 27532 E127950 10237 237   8  7
21680 2021 11 26 15 N 27501 E127926 10235 237   9  6
21680 2021 11 26 18 N 27473 E127907 10228 237  15  6
21680 2021 11 26 21 N 27437 E127899 10247 237  17  7
21680 2021 11 27 00 N 27400 E127891 10265 237  21  7
21680 2021 11 27 01 N 27388 E127887 10258 236  22  7
21680 2021 11 27 02 N 27376 E127883 10265 236  26  7
21680 2021 11 27 03 N 27364 E127878 10261 236  23  7
21680 2021 11 27 04 N 27358 E127874 10244 240  27  7
21680 2021 11 27 05 N 27353 E127874 10256 242  25  7
21680 2021 11 27 06 N 27352 E127875 10251 243  25  7
21680 2021 11 27 07 N 27351 E127876 10242 244  24  7
21680 2021 11 27 08 N 27351 E127880 10252 245  21  7
21680 2021 11 27 09 N 27351 E127885 10255 245  23  7
21680 2021 11 27 10 N 27352 E127890 10261 245  24  7
21680 2021 11 27 11 N 27352 E127894 10259 245  25  7
21680 2021 11 27 12 N 27353 E127898 10265 246  24  7
21680 2021 11 27 13 N 27355 E127903 10270 245  27  7
21680 2021 11 27 14 N 27356 E127908 10265 245  27  7
21680 2021 11 27 15 N 27356 E127913 10265 245  26  7
21680 2021 11 27 16 N 27356 E127918 10261 245  26  7
21680 2021 11 27 17 N 27357 E127922 10259 245  25  7
21680 2021 11 27 18 N 27359 E127925 10255 244  25  7
21680 2021 11 27 19 N 27362 E127928 10256 245  27  7
21680 2021 11 27 20 N 27366 E127932 10256 245  23  7
21680 2021 11 27 21 N 27370 E127936 10256 245  25  7
21680 2021 11 27 22 N 27374 E127942 10263 245  25  7
21680 2021 11 27 23 N 27378 E127947 10266 245  26  7
21680 2021 11 28 00 N 27381 E127951 10268 245  26  7
21680 2021 11 28 01 N 27384 E127954 10270 245  25  7
21680 2021 11 28 02 N 27386 E127958 10270 245  28  7
21680 2021 11 28 03 N 27389 E127961 10258 245  28  7
21680 2021 11 28 04 N 27394 E127964 10250 246  27  7
21680 2021 11 28 05 N 27403 E127967 10246 245  26  7
21680 2021 11 28 06 N 27412 E127972 10248 245  24  7
21680 2021 11 28 07 N 27421 E127976 10241 245  25  7
21680 2021 11 28 08 N 27432 E127980 10242 245  26  7
21680 2021 11 28 09 N 27442 E127986 10256 245  25  7
21680 2021 11 28 10 N 27448 E127996 10251 245  23  7
21680 2021 11 28 11 N 27452 E128007 10246 244  22  7
21680 2021 11 28 12 N 27461 E128012 10253 245  23  7
21680 2021 11 28 13 N 27469 E128016 10257 244  28  7
21680 2021 11 28 14 N 27477 E128019 10239 244  30  7
21680 2021 11 28 15 N 27482 E128021 10248 243  26  7
21680 2021 11 28 16 N 27487 E128024 10238 243  25  7
21680 2021 11 28 17 N 27493 E128027 10241 242  27  6
21680 2021 11 28 18 N 27500 E128030 10229 243  26  7
21680 2021 11 28 19 N 27508 E128034 10224 243  24  7
21680 2021 11 28 20 N 27517 E128038 10227 243  24  7
21680 2021 11 28 21 N 27526 E128045 10224 243  22  7
21680 2021 11 28 22 N 27535 E128052 10229 243  22  7
21680 2021 11 28 23 N 27543 E128062 10232 243  23  7
21680 2021 11 29 00 N 27552 E128072 10237 243  23  8
21680 2021 11 29 01 N 27560 E128082 10233 243  22  7
21680 2021 11 29 02 N 27564 E128091 10232 243  22  7
21680 2021 11 29 03 N 27568 E128098 10218 243  24  7
21680 2021 11 29 04 N 27575 E128106 10213 243  21  7
21680 2021 11 29 05 N 27583 E128110 10203 242  25  7
21680 2021 11 29 06 N 27590 E128114 10199 242  22  7
21680 2021 11 29 07 N 27597 E128116 10201 242  21  7
21680 2021 11 29 08 N 27604 E128118 10201 242  23  7
21680 2021 11 29 09 N 27612 E128121 10207 241  24  7
21680 2021 11 29 10 N 27622 E128126 10213 241  19  7
21680 2021 11 29 11 N 27633 E128130 10210 240  19  7
21680 2021 11 29 12 N 27645 E128135 10206 240  18  7
21680 2021 11 29 15 N 27689 E128150 10196 238  20  7
21680 2021 11 29 16 N 27706 E128155 10191 237  21  7
21680 2021 11 29 17 N 27724 E128161 10187 235  21  7
21680 2021 11 29 18 N 27739 E128164 10178 233  20  7
21680 2021 11 29 19 N 27751 E128164 10173 232  21  7
21680 2021 11 29 20 N 27762 E128162 10169 232  21  7
21680 2021 11 29 21 N 27769 E128153 10165 232  21  7
21680 2021 11 29 22 N 27772 E128142 10168 232  20  7
21680 2021 11 29 23 N 27777 E128128 10162 232  20  7
21680 2021 11 30 00 N 27783 E128115 10162 234  21  7
21680 2021 11 30 01 N 27792 E128104 10155 234  20  7
21680 2021 11 30 02 N 27802 E128093 10143 234  20  7
21680 2021 11 30 03 N 27813 E128085 10129 234  21  7
21680 2021 11 30 04 N 27824 E128076 10112 234  22  7
21680 2021 11 30 05 N 27838 E128072 10100 234  21  7
21680 2021 11 30 06 N 27848 E128067 10093 235  22  7
21680 2021 11 30 07 N 27859 E128065 10093 236  23  7
21680 2021 11 30 08 N 27845 E128075 10121 234  20  7
21680 2021 11 30 09 N 27825 E128085 10129 234  32  7
21680 2021 11 30 10 N 27801 E128092 10141 234  36  7
21680 2021 11 30 11 N 27777 E128099 10152 233  38  8
21680 2021 11 30 12 N 27753 E128104 10157 232  40  8
21680 2021 11 30 13 N 27732 E128112 10164 232  46  9
21680 2021 11 30 14 N 27713 E128122 10164 233  41  8
21680 2021 11 30 15 N 27695 E128133 10167 232  47  9
21680 2021 11 30 16 N 27679 E128145 10171 232  45 10
21680 2021 11 30 17 N 27666 E128159 10174 233  49 10
21680 2021 11 30 18 N 27654 E128176 10172 234  48 10
21680 2021 11 30 19 N 27643 E128193 10169 234  50 10
21680 2021 11 30 20 N 27635 E128207 10175 236  45 10
21680 2021 11 30 21 N 27627 E128222 10185 237  44 10
21680 2021 11 30 22 N 27621 E128236 10190 238  47  9
21680 2021 11 30 23 N 27616 E128248 10197 239  46  9
21680 2021 12  1 00 N 27611 E128262 10202 239  45  9
21680 2021 12  1 01 N 27609 E128274 10205 240  45  9
21680 2021 12  1 02 N 27607 E128284 10201 241  44 10
21680 2021 12  1 03 N 27605 E128293 10195 241  42  9
21680 2021 12  1 04 N 27602 E128304 10188 242  42 10
21680 2021 12  1 05 N 27597 E128312 10183 242  40 10
21680 2021 12  1 06 N 27591 E128316 10183 242  40  9
21680 2021 12  1 07 N 27583 E128320 10180 242  40  9
21680 2021 12  1 08 N 27574 E128322 10185 242  39  8
21680 2021 12  1 09 N 27567 E128325 10187 242  37  9
21680 2021 12  1 10 N 27560 E128329 10193 242  37  9
21680 2021 12  1 11 N 27553 E128333 10196 242  36  9
21680 2021 12  1 12 N 27544 E128338 10201 242  40  9
21680 2021 12  1 13 N 27535 E128344 10200 242  32  9
21680 2021 12  1 14 N 27523 E128349 10199 242  38  9
21680 2021 12  1 15 N 27509 E128352 10196 241  37  9
21680 2021 12  1 16 N 27495 E128351 10193 241  31  8
21680 2021 12  1 17 N 27480 E128346 10186 241  32 10
21680 2021 12  1 18 N 27465 E128334 10184 241  31  9
21680 2021 12  1 19 N 27455 E128319 10183 240  34  9
21680 2021 12  1 20 N 27448 E128299 10181 239  31  9
21680 2021 12  1 21 N 27446 E128279 10185 239  32  9
21680 2021 12  1 22 N 27447 E128262 10189 239  30  8
21680 2021 12  1 23 N 27448 E128248 10197 239  30  9
21680 2021 12  2 00 N 27448 E128236 10199 240  31  8
21680 2021 12  2 01 N 27446 E128224 10204 240  30  9
21680 2021 12  2 02 N 27442 E128213 10195 241  26  8
21680 2021 12  2 03 N 27439 E128200 10190 241  28  9
21680 2021 12  2 04 N 27436 E128191 10183 241  26  8
21680 2021 12  2 05 N 27433 E128184 10178 241  23  9
21680 2021 12  2 06 N 27426 E128177 10177 241  22  9
21680 2021 12  2 07 N 27418 E128168 10176 242  24  9
21680 2021 12  2 09 N 27412 E128155 10181 244  23  9
21680 2021 12  2 10 N 27411 E128150 10190 244  26  8
21680 2021 12  2 11 N 27412 E128145 10192 244  24  8
21680 2021 12  2 12 N 27413 E128142 10195 244  22  8
21680 2021 12  2 13 N 27412 E128143 10193 244  24  8
21680 2021 12  2 14 N 27409 E128149 10194 244  21  8
21680 2021 12  2 15 N 27404 E128155 10191 244  21  8
21680 2021 12  2 16 N 27397 E128161 10188 244  18  7
21680 2021 12  2 17 N 27387 E128165 10188 243  18  8
21680 2021 12  2 18 N 27375 E128167 10187 243  18  8
21680 2021 12  2 21 N 27352 E128150 10188 242  17  8
21680 2021 12  3 00 N 27343 E128140 10201 243  16  7
21680 2021 12  3 03 N 27322 E128163 10187 244  16  8
21680 2021 12  3 06 N 27264 E128176 10178 243  18  7
21680 2021 12  3 09 N 27217 E128149 10192 242  17  7
21680 2021 12  3 10 N 27201 E128143 10200 241  15  7
21680 2021 12  3 11 N 27185 E128143 10206 241  16  8
21680 2021 12  3 12 N 27166 E128149 10212 241  16  8
21680 2021 12  3 13 N 27141 E128157 10218 242  16  8
21680 2021 12  3 14 N 27112 E128165 10225 241  17  8
21680 2021 12  3 15 N 27086 E128171 10224 241  18  8
21680 2021 12  3 16 N 27063 E128176 10222 241  17  9
21680 2021 12  3 17 N 27046 E128181 10220 241  19  8
21680 2021 12  3 18 N 27031 E128180 10214 241  16  9
21680 2021 12  3 19 N 27020 E128176 10209 240  16  9
21680 2021 12  3 20 N 27010 E128169 10207 240  15  8
21680 2021 12  3 21 N 27001 E128165 10208 240  18  8
21680 2021 12  3 22 N 26991 E128160 10215 240  17  7
21680 2021 12  3 23 N 26982 E128152 10223 240  17  7
21680 2021 12  4 00 N 26971 E128143 10232 239  18  7
21680 2021 12  4 01 N 26960 E128137 10237 240  18  8
21680 2021 12  4 02 N 26948 E128137 10235 239  17  8
21680 2021 12  4 03 N 26934 E128139 10229 239  19  8
21680 2021 12  4 04 N 26917 E128141 10220 239  19  7
21680 2021 12  4 05 N 26900 E128142 10214 239  20  7
21680 2021 12  4 06 N 26883 E128138 10215 239  22  7
21680 2021 12  4 07 N 26868 E128130 10219 239  21  8
21680 2021 12  4 08 N 26852 E128118 10223 238  23  8
21680 2021 12  4 09 N 26838 E128102 10227 238  23  8
21680 2021 12  4 10 N 26825 E128084 10235 238  22  8
21680 2021 12  4 11 N 26814 E128070 10241 238  20  8
21680 2021 12  4 12 N 26805 E128060 10242 238  19  8
21680 2021 12  4 13 N 26799 E128050 10246 237  18  8
21680 2021 12  4 14 N 26795 E128042 10242 237  17  7
21680 2021 12  4 15 N 26793 E128039 10239 238  16  8
21680 2021 12  4 16 N 26789 E128038 10240 237  15  7
21680 2021 12  4 17 N 26784 E128033 10238 237  15  7
21680 2021 12  4 18 N 26775 E128024 10234 236  15  7
21680 2021 12  4 19 N 26768 E128011 10235 236  16  8
21680 2021 12  4 20 N 26758 E127993 10233 236  15  8
21680 2021 12  4 21 N 26745 E127969 10235 236  16  7
21680 2021 12  4 22 N 26734 E127941 10235 235  14  7
21680 2021 12  4 23 N 26729 E127919 10238 237  16  7
21680 2021 12  5 00 N 26729 E127899 10241 237  16  6
21680 2021 12  5 01 N 26730 E127887 10246 238  15  7
21680 2021 12  5 02 N 26726 E127884 10243 238  14  8
21680 2021 12  5 03 N 26720 E127879 10233 238  12  7
21680 2021 12  5 04 N 26718 E127873 10223 239  13  7
21680 2021 12  5 05 N 26718 E127877 10218 239  14  8
21680 2021 12  5 06 N 26709 E127866 10213 239  10  7
21680 2021 12  5 07 N 26698 E127856 10211 239   9  7
21680 2021 12  5 08 N 26687 E127841 10213 239   7  8
21680 2021 12  5 09 N 26683 E127827 10216 238   7  9
21680 2021 12  5 10 N 26681 E127815 10220 240   5  8
21680 2021 12  5 11 N 26679 E127810 10221 239   6  8
21680 2021 12  5 12 N 26683 E127803 10222 240   6  9
21680 2021 12  5 13 N 26684 E127796 10220 239   4  9
21680 2021 12  5 14 N 26680 E127790 10217 240   5  9
21680 2021 12  5 15 N 26680 E127785 10216 240   5 11
21680 2021 12  5 16 N 26680 E127783 10212 241   4 11
21680 2021 12  5 17 N 26680 E127783 10212 241   4 11
21680 2021 12  5 18 N 26680 E127784 10205 241   3 10
21680 2021 12  5 19 N 26679 E127779 10199 240   4 10
21680 2021 12  5 20 N 26680 E127772 10197 240   4 10
21680 2021 12  5 21 N 26682 E127762 10194 240   4 10
21680 2021 12  5 22 N 26685 E127748 10195 240   5  9
21680 2021 12  5 23 N 26692 E127729 10198 240   8  7
21680 2021 12  6 00 N 26701 E127713 10203 241  10  6
21680 2021 12  6 01 N 26706 E127701 10206 242   9  8
21680 2021 12  6 02 N 26706 E127693 10202 242   9  7
21680 2021 12  6 03 N 26706 E127684 10200 242   8  7
21680 2021 12  6 04 N 26706 E127671 10193 242  10  7
21680 2021 12  6 05 N 26708 E127658 10192 243  10  7
21680 2021 12  6 06 N 26711 E127643 10190 243   9  7
21680 2021 12  6 07 N 26717 E127630 10192 242  11  7
21680 2021 12  6 08 N 26724 E127616 10195 242  12  7
21680 2021 12  6 09 N 26731 E127605 10197 242  11  6
21680 2021 12  6 10 N 26734 E127594 10204 241  11  7
21680 2021 12  6 11 N 26735 E127585 10206 241  11  7
21680 2021 12  6 12 N 26734 E127576 10206 241  10  7
21680 2021 12  6 13 N 26732 E127564 10208 241  11  6
21680 2021 12  6 14 N 26730 E127552 10209 240   9  6
21680 2021 12  6 15 N 26729 E127539 10204 240   9  7
21680 2021 12  6 16 N 26729 E127525 10202 240  10  7
21680 2021 12  6 17 N 26724 E127512 10200 241   8  7
21680 2021 12  6 18 N 26713 E127501 10196 241   8  7
21680 2021 12  6 19 N 26703 E127490 10197 241   9  7
21680 2021 12  6 20 N 26693 E127483 10197 242   9  7
21680 2021 12  6 21 N 26684 E127479 10198 241  10  7
21680 2021 12  6 22 N 26676 E127478 10203 241  11  8
21680 2021 12  6 23 N 26666 E127481 10208 242  11  8
21680 2021 12  7 00 N 26654 E127481 10212 242   9  8
21680 2021 12  7 01 N 26639 E127480 10216 242  10  9
21680 2021 12  7 02 N 26623 E127473 10215 242  10  8
21680 2021 12  7 03 N 26611 E127464 10209 243   9  7
21680 2021 12  7 04 N 26600 E127455 10202 242   9  6
21680 2021 12  7 05 N 26584 E127445 10199 242  11  7
21680 2021 12  7 06 N 26567 E127433 10202 242  13  7
21680 2021 12  7 07 N 26548 E127423 10201 242  15  7
21680 2021 12  7 08 N 26529 E127414 10201 241  16  7
21680 2021 12  7 09 N 26515 E127408 10205 241  15  7
21680 2021 12  7 10 N 26503 E127403 10208 240  17  7
21680 2021 12  7 11 N 26491 E127397 10211 240  18  7
21680 2021 12  7 12 N 26482 E127391 10216 239  18  7
21680 2021 12  7 13 N 26478 E127390 10217 238  16  7
21680 2021 12  7 14 N 26478 E127389 10220 238  18  7
21680 2021 12  7 15 N 26478 E127387 10218 238  20  7
21680 2021 12  7 16 N 26476 E127385 10218 238  21  7
21680 2021 12  7 17 N 26471 E127384 10221 238  20  7
21680 2021 12  7 18 N 26465 E127381 10224 237  19  8
21680 2021 12  7 19 N 26457 E127376 10227 237  20  8
21680 2021 12  7 20 N 26444 E127366 10227 237  19  8
21680 2021 12  7 21 N 26426 E127360 10229 237  17  8
21680 2021 12  7 22 N 26410 E127356 10234 236  18  8
21680 2021 12  7 23 N 26398 E127357 10241 237  19  8
21680 2021 12  8 00 N 26391 E127360 10244 238  17  8
21680 2021 12  8 01 N 26387 E127365 10244 238  18  8
21680 2021 12  8 02 N 26382 E127369 10239 238  19  8
21680 2021 12  8 03 N 26375 E127373 10234 238  21  7
21680 2021 12  8 04 N 26366 E127377 10228 239  20  7
21680 2021 12  8 05 N 26355 E127381 10223 239  19  8
21680 2021 12  8 06 N 26342 E127382 10221 239  20  8
21680 2021 12  8 07 N 26329 E127381 10224 239  18  7
21680 2021 12  8 08 N 26319 E127377 10227 239  18  7
21680 2021 12  8 09 N 26313 E127371 10228 238  19  8
21680 2021 12  8 10 N 26310 E127363 10232 238  18  8
21680 2021 12  8 11 N 26308 E127354 10237 238  17  8
21680 2021 12  8 12 N 26310 E127345 10237 237  18  7
21680 2021 12  8 13 N 26312 E127335 10237 238  19  7
21680 2021 12  8 14 N 26315 E127326 10236 237  19  7
21680 2021 12  8 15 N 26319 E127323 10237 237  18  8
21680 2021 12  8 16 N 26318 E127322 10235 237  20  8
21680 2021 12  8 17 N 26316 E127324 10235 237  17  7
21680 2021 12  8 18 N 26313 E127329 10235 237  16  7
21680 2021 12  8 19 N 26308 E127334 10234 237  16  8
21680 2021 12  8 20 N 26303 E127338 10232 237  15  8
21680 2021 12  8 21 N 26297 E127341 10234 237  13  8
21680 2021 12  8 22 N 26293 E127342 10237 237  13  8
21680 2021 12  8 23 N 26289 E127343 10239 237  13  8
21680 2021 12  9 00 N 26287 E127343 10242 237  12  7
21680 2021 12  9 01 N 26285 E127345 10244 237  10  8
21680 2021 12  9 02 N 26282 E127346 10241 237  10  8
21680 2021 12  9 03 N 26279 E127352 10234 239  10  9
21680 2021 12  9 04 N 26272 E127357 10228 239  10  8
21680 2021 12  9 05 N 26264 E127358 10220 239  10  8
21680 2021 12  9 06 N 26253 E127358 10218 239  11  8
21680 2021 12  9 07 N 26242 E127355 10218 238   9  8
21680 2021 12  9 08 N 26227 E127344 10220 238   8  8
21680 2021 12  9 09 N 26205 E127335 10225 237   5  8
21680 2021 12  9 10 N 26193 E127325 10228 237   4  8
21680 2021 12  9 11 N 26193 E127320 10230 236   3  9
21680 2021 12  9 12 N 26197 E127321 10232 236   3  9
21680 2021 12  9 13 N 26206 E127328 10234 236   5  9
21680 2021 12  9 14 N 26206 E127322 10232 236   3  8
21680 2021 12  9 15 N 26204 E127319 10228 235   4  8
